2344
1 7.5 -0.1 0.1  0.589049 0.015708 1.50407
1 7.5 -0.1 0.1  0.850848 0.015708 3.99864
1 7.5 -0.1 0.1  1.11265 0.015708 3.35202
1 7.5 -0.1 0.1  1.37445 0.015708 3.06523
1 7.5 -0.1 0.1  0.274889 0.0471239 6.80892
1 7.5 -0.1 0.1  0.536689 0.0471239 19.8326
1 7.5 -0.1 0.1  0.798488 0.0471239 19.9239
1 7.5 -0.1 0.1  1.06029 0.0471239 16.3571
1 7.5 -0.1 0.1  1.32209 0.0471239 14.7246
1 7.5 -0.1 0.1  0.14399 0.0785398 3.23892
1 7.5 -0.1 0.1  0.405789 0.0785398 20.2859
1 7.5 -0.1 0.1  0.667588 0.0785398 26.747
1 7.5 -0.1 0.1  0.929388 0.0785398 20.6662
1 7.5 -0.1 0.1  1.19119 0.0785398 17.8281
1 7.5 -0.1 0.1  1.45299 0.0785398 16.6745
1 7.5 -0.1 0.1  0.248709 0.109956 17.5306
1 7.5 -0.1 0.1  0.510509 0.109956 25.4303
1 7.5 -0.1 0.1  0.772308 0.109956 25.195
1 7.5 -0.1 0.1  1.03411 0.109956 20.4569
1 7.5 -0.1 0.1  1.29591 0.109956 18.2666
1 7.5 -0.1 0.1  1.55771 0.109956 17.5823
1 7.5 -0.1 0.1  0.327249 0.141372 22.1341
1 7.5 -0.1 0.1  0.589049 0.141372 28.486
1 7.5 -0.1 0.1  0.850848 0.141372 24.2
1 7.5 -0.1 0.1  1.11265 0.141372 20.2866
1 7.5 -0.1 0.1  1.37445 0.141372 18.551
1 7.5 -0.1 0.1  0.11781 0.172788 13.5714
1 7.5 -0.1 0.1  0.379609 0.172788 24.3716
1 7.5 -0.1 0.1  0.641408 0.172788 30.4971
1 7.5 -0.1 0.1  0.903208 0.172788 23.7281
1 7.5 -0.1 0.1  1.16501 0.172788 20.2811
1 7.5 -0.1 0.1  1.42681 0.172788 18.8289
1 7.5 -0.1 0.1  0.17017 0.204204 19.1719
1 7.5 -0.1 0.1  0.431969 0.204204 26.0591
1 7.5 -0.1 0.1  0.693768 0.204204 29.6978
1 7.5 -0.1 0.1  0.955568 0.204204 23.2537
1 7.5 -0.1 0.1  1.21737 0.204204 20.241
1 7.5 -0.1 0.1  1.47917 0.204204 19.0699
1 7.5 -0.1 0.1  0.222529 0.235619 22.0264
1 7.5 -0.1 0.1  0.484329 0.235619 27.5059
1 7.5 -0.1 0.1  0.746128 0.235619 28.4392
1 7.5 -0.1 0.1  1.00793 0.235619 22.826
1 7.5 -0.1 0.1  1.26973 0.235619 20.2138
1 7.5 -0.1 0.1  1.53153 0.235619 19.3195
1 7.5 -0.1 0.1  0.274889 0.267035 23.834
1 7.5 -0.1 0.1  0.536689 0.267035 28.8711
1 7.5 -0.1 0.1  0.798488 0.267035 27.3642
1 7.5 -0.1 0.1  1.06029 0.267035 22.4655
1 7.5 -0.1 0.1  1.32209 0.267035 20.2233
1 7.5 -0.1 0.1  0.0392699 0.298451 3.56474
1 7.5 -0.1 0.1  0.301069 0.298451 24.709
1 7.5 -0.1 0.1  0.562869 0.298451 29.645
1 7.5 -0.1 0.1  0.824668 0.298451 27.0903
1 7.5 -0.1 0.1  1.08647 0.298451 22.4783
1 7.5 -0.1 0.1  1.34827 0.298451 20.3959
1 7.5 -0.1 0.1  0.0654498 0.329867 14.0481
1 7.5 -0.1 0.1  0.327249 0.329867 25.44
1 7.5 -0.1 0.1  0.589049 0.329867 30.3987
1 7.5 -0.1 0.1  0.850848 0.329867 26.8535
1 7.5 -0.1 0.1  1.11265 0.329867 22.511
1 7.5 -0.1 0.1  1.37445 0.329867 20.585
1 7.5 -0.1 0.1  0.0916298 0.361283 18.4183
1 7.5 -0.1 0.1  0.353429 0.361283 26.0798
1 7.5 -0.1 0.1  0.615229 0.361283 31.151
1 7.5 -0.1 0.1  0.877028 0.361283 26.6594
1 7.5 -0.1 0.1  1.13883 0.361283 22.5701
1 7.5 -0.1 0.1  1.40063 0.361283 20.7973
1 7.5 -0.1 0.1  0.11781 0.392699 20.7934
1 7.5 -0.1 0.1  0.379609 0.392699 26.6624
1 7.5 -0.1 0.1  0.641408 0.392699 31.9158
1 7.5 -0.1 0.1  0.903208 0.392699 26.5117
1 7.5 -0.1 0.1  1.16501 0.392699 22.6603
1 7.5 -0.1 0.1  1.42681 0.392699 21.0378
1 7.5 -0.1 0.1  0.14399 0.424115 22.2893
1 7.5 -0.1 0.1  0.405789 0.424115 27.2109
1 7.5 -0.1 0.1  0.667588 0.424115 32.7042
1 7.5 -0.1 0.1  0.929388 0.424115 26.4124
1 7.5 -0.1 0.1  1.19119 0.424115 22.7852
1 7.5 -0.1 0.1  1.45299 0.424115 21.3108
1 7.5 -0.1 0.1  0.17017 0.455531 23.3315
1 7.5 -0.1 0.1  0.431969 0.455531 27.7416
1 7.5 -0.1 0.1  0.693768 0.455531 33.5254
1 7.5 -0.1 0.1  0.955568 0.455531 26.3634
1 7.5 -0.1 0.1  1.21737 0.455531 22.9479
1 7.5 -0.1 0.1  1.47917 0.455531 21.6202
1 7.5 -0.1 0.1  0.19635 0.486947 24.1163
1 7.5 -0.1 0.1  0.458149 0.486947 28.2667
1 7.5 -0.1 0.1  0.719948 0.486947 33.2491
1 7.5 -0.1 0.1  0.981748 0.486947 26.3662
1 7.5 -0.1 0.1  1.24355 0.486947 23.1513
1 7.5 -0.1 0.1  1.50535 0.486947 21.9697
1 7.5 -0.1 0.1  0.222529 0.518363 24.7465
1 7.5 -0.1 0.1  0.484329 0.518363 28.7952
1 7.5 -0.1 0.1  0.746128 0.518363 32.9198
1 7.5 -0.1 0.1  1.00793 0.518363 26.4222
1 7.5 -0.1 0.1  1.26973 0.518363 23.3984
1 7.5 -0.1 0.1  1.53153 0.518363 22.3632
1 7.5 -0.1 0.1  0.248709 0.549779 25.2808
1 7.5 -0.1 0.1  0.510509 0.549779 29.3347
1 7.5 -0.1 0.1  0.772308 0.549779 32.6785
1 7.5 -0.1 0.1  1.03411 0.549779 26.5332
1 7.5 -0.1 0.1  1.29591 0.549779 23.6923
1 7.5 -0.1 0.1  1.55771 0.549779 22.8047
1 7.5 -0.1 0.1  0.274889 0.581195 25.7555
1 7.5 -0.1 0.1  0.536689 0.581195 29.8912
1 7.5 -0.1 0.1  0.798488 0.581195 32.5236
1 7.5 -0.1 0.1  1.06029 0.581195 26.7012
1 7.5 -0.1 0.1  1.32209 0.581195 24.0363
1 7.5 -0.1 0.1  0.0392699 0.612611 14.7816
1 7.5 -0.1 0.1  0.301069 0.612611 26.194
1 7.5 -0.1 0.1  0.562869 0.612611 30.4703
1 7.5 -0.1 0.1  0.824668 0.612611 32.4541
1 7.5 -0.1 0.1  1.08647 0.612611 26.9289
1 7.5 -0.1 0.1  1.34827 0.612611 24.4342
1 7.5 -0.1 0.1  0.0654498 0.644026 19.8086
1 7.5 -0.1 0.1  0.327249 0.644026 26.6121
1 7.5 -0.1 0.1  0.589049 0.644026 31.0769
1 7.5 -0.1 0.1  0.850848 0.644026 32.4699
1 7.5 -0.1 0.1  1.11265 0.644026 27.2192
1 7.5 -0.1 0.1  1.37445 0.644026 24.8905
1 7.5 -0.1 0.1  0.0916298 0.675442 21.9796
1 7.5 -0.1 0.1  0.353429 0.675442 27.0213
1 7.5 -0.1 0.1  0.615229 0.675442 31.7156
1 7.5 -0.1 0.1  0.877028 0.675442 32.5722
1 7.5 -0.1 0.1  1.13883 0.675442 27.5759
1 7.5 -0.1 0.1  1.40063 0.675442 25.4099
1 7.5 -0.1 0.1  0.11781 0.706858 23.2134
1 7.5 -0.1 0.1  0.379609 0.706858 27.43
1 7.5 -0.1 0.1  0.641408 0.706858 32.3912
1 7.5 -0.1 0.1  0.903208 0.706858 32.763
1 7.5 -0.1 0.1  1.16501 0.706858 28.0034
1 7.5 -0.1 0.1  1.42681 0.706858 25.9984
1 7.5 -0.1 0.1  0.14399 0.738274 24.033
1 7.5 -0.1 0.1  0.405789 0.738274 27.8448
1 7.5 -0.1 0.1  0.667588 0.738274 33.1083
1 7.5 -0.1 0.1  0.929388 0.738274 33.0454
1 7.5 -0.1 0.1  1.19119 0.738274 28.5072
1 7.5 -0.1 0.1  1.45299 0.738274 26.6626
1 7.5 -0.1 0.1  0.17017 0.76969 24.6398
1 7.5 -0.1 0.1  0.431969 0.76969 28.2709
1 7.5 -0.1 0.1  0.693768 0.76969 33.8719
1 7.5 -0.1 0.1  0.955568 0.76969 33.424
1 7.5 -0.1 0.1  1.21737 0.76969 29.0936
1 7.5 -0.1 0.1  1.47917 0.76969 27.4104
1 7.5 -0.1 0.1  0.19635 0.801106 25.1277
1 7.5 -0.1 0.1  0.458149 0.801106 28.7128
1 7.5 -0.1 0.1  0.719948 0.801106 34.6872
1 7.5 -0.1 0.1  0.981748 0.801106 33.9045
1 7.5 -0.1 0.1  1.24355 0.801106 29.7705
1 7.5 -0.1 0.1  1.50535 0.801106 28.2511
1 7.5 -0.1 0.1  0.222529 0.832522 25.5465
1 7.5 -0.1 0.1  0.484329 0.832522 29.1744
1 7.5 -0.1 0.1  0.746128 0.832522 35.5599
1 7.5 -0.1 0.1  1.00793 0.832522 34.4947
1 7.5 -0.1 0.1  1.26973 0.832522 30.5471
1 7.5 -0.1 0.1  1.53153 0.832522 29.1956
1 7.5 -0.1 0.1  0.248709 0.863938 25.9255
1 7.5 -0.1 0.1  0.510509 0.863938 29.6594
1 7.5 -0.1 0.1  0.772308 0.863938 36.4961
1 7.5 -0.1 0.1  1.03411 0.863938 35.2038
1 7.5 -0.1 0.1  1.29591 0.863938 31.4346
1 7.5 -0.1 0.1  1.55771 0.863938 30.257
1 7.5 -0.1 0.1  0.274889 0.895354 26.2828
1 7.5 -0.1 0.1  0.536689 0.895354 30.1711
1 7.5 -0.1 0.1  0.798488 0.895354 37.503
1 7.5 -0.1 0.1  1.06029 0.895354 36.0438
1 7.5 -0.1 0.1  1.32209 0.895354 32.4464
1 7.5 -0.1 0.1  0.01309 0.92677 1.18593
1 7.5 -0.1 0.1  0.274889 0.92677 26.3129
1 7.5 -0.1 0.1  0.536689 0.92677 30.1871
1 7.5 -0.1 0.1  0.798488 0.92677 37.5144
1 7.5 -0.1 0.1  1.06029 0.92677 37.5594
1 7.5 -0.1 0.1  1.32209 0.92677 33.8108
1 7.5 -0.1 0.1  0.01309 0.958186 1.7573
1 7.5 -0.1 0.1  0.274889 0.958186 26.3405
1 7.5 -0.1 0.1  0.536689 0.958186 30.2017
1 7.5 -0.1 0.1  0.798488 0.958186 37.5248
1 7.5 -0.1 0.1  1.06029 0.958186 39.2449
1 7.5 -0.1 0.1  1.32209 0.958186 35.328
1 7.5 -0.1 0.1  0.01309 0.989602 2.28008
1 7.5 -0.1 0.1  0.274889 0.989602 26.3657
1 7.5 -0.1 0.1  0.536689 0.989602 30.2151
1 7.5 -0.1 0.1  0.798488 0.989602 37.5344
1 7.5 -0.1 0.1  1.06029 0.989602 41.1275
1 7.5 -0.1 0.1  1.32209 0.989602 37.0228
1 7.5 -0.1 0.1  0.01309 1.02102 2.75827
1 7.5 -0.1 0.1  0.274889 1.02102 26.3887
1 7.5 -0.1 0.1  0.536689 1.02102 30.2274
1 7.5 -0.1 0.1  0.798488 1.02102 37.5431
1 7.5 -0.1 0.1  1.06029 1.02102 43.241
1 7.5 -0.1 0.1  1.32209 1.02102 38.9253
1 7.5 -0.1 0.1  0.01309 1.05243 3.19539
1 7.5 -0.1 0.1  0.274889 1.05243 26.4098
1 7.5 -0.1 0.1  0.536689 1.05243 30.2386
1 7.5 -0.1 0.1  0.798488 1.05243 37.5511
1 7.5 -0.1 0.1  1.06029 1.05243 45.6269
1 7.5 -0.1 0.1  1.32209 1.05243 41.073
1 7.5 -0.1 0.1  0.01309 1.08385 3.59451
1 7.5 -0.1 0.1  0.274889 1.08385 26.4291
1 7.5 -0.1 0.1  0.536689 1.08385 30.2488
1 7.5 -0.1 0.1  0.798488 1.08385 37.5584
1 7.5 -0.1 0.1  1.06029 1.08385 48.0014
1 7.5 -0.1 0.1  1.32209 1.08385 43.5133
1 7.5 -0.1 0.1  0.01309 1.11527 3.95832
1 7.5 -0.1 0.1  0.274889 1.11527 26.4466
1 7.5 -0.1 0.1  0.536689 1.11527 30.2581
1 7.5 -0.1 0.1  0.798488 1.11527 37.5651
1 7.5 -0.1 0.1  1.06029 1.11527 50.5398
1 7.5 -0.1 0.1  1.32209 1.11527 46.3064
1 7.5 -0.1 0.1  0.01309 1.14668 4.28918
1 7.5 -0.1 0.1  0.274889 1.14668 26.4626
1 7.5 -0.1 0.1  0.536689 1.14668 30.2666
1 7.5 -0.1 0.1  0.798488 1.14668 37.5711
1 7.5 -0.1 0.1  1.06029 1.14668 52.4057
1 7.5 -0.1 0.1  1.32209 1.14668 49.5305
1 7.5 -0.1 0.1  0.01309 1.1781 4.58915
1 7.5 -0.1 0.1  0.274889 1.1781 26.477
1 7.5 -0.1 0.1  0.536689 1.1781 30.2742
1 7.5 -0.1 0.1  0.798488 1.1781 37.5766
1 7.5 -0.1 0.1  1.06029 1.1781 51.7965
1 7.5 -0.1 0.1  1.32209 1.1781 53.2887
1 7.5 -0.1 0.1  0.01309 1.20951 4.86005
1 7.5 -0.1 0.1  0.274889 1.20951 26.4901
1 7.5 -0.1 0.1  0.536689 1.20951 30.2812
1 7.5 -0.1 0.1  0.798488 1.20951 37.5815
1 7.5 -0.1 0.1  1.06029 1.20951 51.249
1 7.5 -0.1 0.1  1.32209 1.20951 57.7202
1 7.5 -0.1 0.1  0.01309 1.24093 5.10347
1 7.5 -0.1 0.1  0.274889 1.24093 26.5018
1 7.5 -0.1 0.1  0.536689 1.24093 30.2874
1 7.5 -0.1 0.1  0.798488 1.24093 37.586
1 7.5 -0.1 0.1  1.06029 1.24093 51.2527
1 7.5 -0.1 0.1  1.32209 1.24093 57.7987
1 7.5 -0.1 0.1  0.01309 1.27235 5.32081
1 7.5 -0.1 0.1  0.274889 1.27235 26.5123
1 7.5 -0.1 0.1  0.536689 1.27235 30.293
1 7.5 -0.1 0.1  0.798488 1.27235 37.5899
1 7.5 -0.1 0.1  1.06029 1.27235 51.2559
1 7.5 -0.1 0.1  1.32209 1.27235 57.2117
1 7.5 -0.1 0.1  0.01309 1.30376 5.51328
1 7.5 -0.1 0.1  0.274889 1.30376 26.5216
1 7.5 -0.1 0.1  0.536689 1.30376 30.2979
1 7.5 -0.1 0.1  0.798488 1.30376 37.5935
1 7.5 -0.1 0.1  1.06029 1.30376 51.2588
1 7.5 -0.1 0.1  1.32209 1.30376 56.6918
1 7.5 -0.1 0.1  0.01309 1.33518 5.68191
1 7.5 -0.1 0.1  0.274889 1.33518 26.5297
1 7.5 -0.1 0.1  0.536689 1.33518 30.3022
1 7.5 -0.1 0.1  0.798488 1.33518 37.5965
1 7.5 -0.1 0.1  1.06029 1.33518 51.3027
1 7.5 -0.1 0.1  1.32209 1.33518 56.2363
1 7.5 -0.1 0.1  0.01309 1.36659 5.82762
1 7.5 -0.1 0.1  0.274889 1.36659 26.5368
1 7.5 -0.1 0.1  0.536689 1.36659 30.3059
1 7.5 -0.1 0.1  0.798488 1.36659 37.5992
1 7.5 -0.1 0.1  1.06029 1.36659 51.3698
1 7.5 -0.1 0.1  1.32209 1.36659 55.8428
1 7.5 -0.1 0.1  0.01309 1.39801 5.95116
1 7.5 -0.1 0.1  0.274889 1.39801 26.5427
1 7.5 -0.1 0.1  0.536689 1.39801 30.3091
1 7.5 -0.1 0.1  0.798488 1.39801 37.6015
1 7.5 -0.1 0.1  1.06029 1.39801 51.4267
1 7.5 -0.1 0.1  1.32209 1.39801 55.5091
1 7.5 -0.1 0.1  0.01309 1.42942 6.05318
1 7.5 -0.1 0.1  0.274889 1.42942 26.5476
1 7.5 -0.1 0.1  0.536689 1.42942 30.3117
1 7.5 -0.1 0.1  0.798488 1.42942 37.6033
1 7.5 -0.1 0.1  1.06029 1.42942 52.7532
1 7.5 -0.1 0.1  1.32209 1.42942 55.2336
1 7.5 -0.1 0.1  0.01309 1.46084 6.13418
1 7.5 -0.1 0.1  0.274889 1.46084 26.5515
1 7.5 -0.1 0.1  0.536689 1.46084 30.3138
1 7.5 -0.1 0.1  0.798488 1.46084 37.6048
1 7.5 -0.1 0.1  1.06029 1.46084 53.9287
1 7.5 -0.1 0.1  1.32209 1.46084 55.0148
1 7.5 -0.1 0.1  0.01309 1.49226 6.19458
1 7.5 -0.1 0.1  0.274889 1.49226 26.5545
1 7.5 -0.1 0.1  0.536689 1.49226 30.3153
1 7.5 -0.1 0.1  0.798488 1.49226 37.6059
1 7.5 -0.1 0.1  1.06029 1.49226 53.9296
1 7.5 -0.1 0.1  1.32209 1.49226 54.8516
1 7.5 -0.1 0.1  0.01309 1.52367 6.23468
1 7.5 -0.1 0.1  0.274889 1.52367 26.5564
1 7.5 -0.1 0.1  0.536689 1.52367 30.3164
1 7.5 -0.1 0.1  0.798488 1.52367 37.6066
1 7.5 -0.1 0.1  1.06029 1.52367 53.9302
1 7.5 -0.1 0.1  1.32209 1.52367 54.7433
1 7.5 -0.1 0.1  0.01309 1.55509 6.25469
1 7.5 -0.1 0.1  0.274889 1.55509 26.5574
1 7.5 -0.1 0.1  0.536689 1.55509 30.3169
1 7.5 -0.1 0.1  0.798488 1.55509 37.607
1 7.5 -0.1 0.1  1.06029 1.55509 53.9305
1 7.5 -0.1 0.1  1.32209 1.55509 54.6893
1 7.5 -0.1 0.1  0.01309 1.5865 6.25469
1 7.5 -0.1 0.1  0.274889 1.5865 26.5574
1 7.5 -0.1 0.1  0.536689 1.5865 30.3169
1 7.5 -0.1 0.1  0.798488 1.5865 37.607
1 7.5 -0.1 0.1  1.06029 1.5865 53.9305
1 7.5 -0.1 0.1  1.32209 1.5865 54.6893
1 7.5 -0.1 0.1  0.01309 1.61792 6.23468
1 7.5 -0.1 0.1  0.274889 1.61792 26.5564
1 7.5 -0.1 0.1  0.536689 1.61792 30.3164
1 7.5 -0.1 0.1  0.798488 1.61792 37.6066
1 7.5 -0.1 0.1  1.06029 1.61792 53.9302
1 7.5 -0.1 0.1  1.32209 1.61792 54.7433
1 7.5 -0.1 0.1  0.01309 1.64934 6.19458
1 7.5 -0.1 0.1  0.274889 1.64934 26.5545
1 7.5 -0.1 0.1  0.536689 1.64934 30.3153
1 7.5 -0.1 0.1  0.798488 1.64934 37.6059
1 7.5 -0.1 0.1  1.06029 1.64934 53.9296
1 7.5 -0.1 0.1  1.32209 1.64934 54.8516
1 7.5 -0.1 0.1  0.01309 1.68075 6.13418
1 7.5 -0.1 0.1  0.274889 1.68075 26.5515
1 7.5 -0.1 0.1  0.536689 1.68075 30.3138
1 7.5 -0.1 0.1  0.798488 1.68075 37.6048
1 7.5 -0.1 0.1  1.06029 1.68075 53.9287
1 7.5 -0.1 0.1  1.32209 1.68075 55.0148
1 7.5 -0.1 0.1  0.01309 1.71217 6.05318
1 7.5 -0.1 0.1  0.274889 1.71217 26.5476
1 7.5 -0.1 0.1  0.536689 1.71217 30.3117
1 7.5 -0.1 0.1  0.798488 1.71217 37.6033
1 7.5 -0.1 0.1  1.06029 1.71217 53.9274
1 7.5 -0.1 0.1  1.32209 1.71217 55.2336
1 7.5 -0.1 0.1  0.01309 1.74358 5.95116
1 7.5 -0.1 0.1  0.274889 1.74358 26.5427
1 7.5 -0.1 0.1  0.536689 1.74358 30.3091
1 7.5 -0.1 0.1  0.798488 1.74358 37.6015
1 7.5 -0.1 0.1  1.06029 1.74358 53.9259
1 7.5 -0.1 0.1  1.32209 1.74358 55.5091
1 7.5 -0.1 0.1  0.01309 1.775 5.82762
1 7.5 -0.1 0.1  0.274889 1.775 26.5368
1 7.5 -0.1 0.1  0.536689 1.775 30.3059
1 7.5 -0.1 0.1  0.798488 1.775 37.5992
1 7.5 -0.1 0.1  1.06029 1.775 53.9241
1 7.5 -0.1 0.1  1.32209 1.775 55.8428
1 7.5 -0.1 0.1  0.01309 1.80642 5.68192
1 7.5 -0.1 0.1  0.274889 1.80642 26.5297
1 7.5 -0.1 0.1  0.536689 1.80642 30.3022
1 7.5 -0.1 0.1  0.798488 1.80642 37.5965
1 7.5 -0.1 0.1  1.06029 1.80642 53.9219
1 7.5 -0.1 0.1  1.32209 1.80642 56.2363
1 7.5 -0.1 0.1  0.01309 1.83783 5.51328
1 7.5 -0.1 0.1  0.274889 1.83783 26.5216
1 7.5 -0.1 0.1  0.536689 1.83783 30.2979
1 7.5 -0.1 0.1  0.798488 1.83783 37.5935
1 7.5 -0.1 0.1  1.06029 1.83783 53.9193
1 7.5 -0.1 0.1  1.32209 1.83783 56.6918
1 7.5 -0.1 0.1  0.01309 1.86925 5.32082
1 7.5 -0.1 0.1  0.274889 1.86925 26.5123
1 7.5 -0.1 0.1  0.536689 1.86925 30.293
1 7.5 -0.1 0.1  0.798488 1.86925 37.5899
1 7.5 -0.1 0.1  1.06029 1.86925 53.9165
1 7.5 -0.1 0.1  1.32209 1.86925 57.2117
1 7.5 -0.1 0.1  0.01309 1.90066 5.10347
1 7.5 -0.1 0.1  0.274889 1.90066 26.5018
1 7.5 -0.1 0.1  0.536689 1.90066 30.2874
1 7.5 -0.1 0.1  0.798488 1.90066 37.586
1 7.5 -0.1 0.1  1.06029 1.90066 53.9132
1 7.5 -0.1 0.1  1.32209 1.90066 57.7987
1 7.5 -0.1 0.1  0.01309 1.93208 4.86005
1 7.5 -0.1 0.1  0.274889 1.93208 26.4901
1 7.5 -0.1 0.1  0.536689 1.93208 30.2812
1 7.5 -0.1 0.1  0.798488 1.93208 37.5815
1 7.5 -0.1 0.1  1.06029 1.93208 53.9095
1 7.5 -0.1 0.1  1.32209 1.93208 57.7202
1 7.5 -0.1 0.1  0.01309 1.9635 4.58915
1 7.5 -0.1 0.1  0.274889 1.9635 26.477
1 7.5 -0.1 0.1  0.536689 1.9635 30.2742
1 7.5 -0.1 0.1  0.798488 1.9635 37.5766
1 7.5 -0.1 0.1  1.06029 1.9635 53.9055
1 7.5 -0.1 0.1  1.32209 1.9635 53.2887
1 7.5 -0.1 0.1  0.01309 1.99491 4.28918
1 7.5 -0.1 0.1  0.274889 1.99491 26.4626
1 7.5 -0.1 0.1  0.536689 1.99491 30.2666
1 7.5 -0.1 0.1  0.798488 1.99491 37.5711
1 7.5 -0.1 0.1  1.06029 1.99491 53.901
1 7.5 -0.1 0.1  1.32209 1.99491 49.5305
1 7.5 -0.1 0.1  0.01309 2.02633 3.95832
1 7.5 -0.1 0.1  0.274889 2.02633 26.4466
1 7.5 -0.1 0.1  0.536689 2.02633 30.2581
1 7.5 -0.1 0.1  0.798488 2.02633 37.5651
1 7.5 -0.1 0.1  1.06029 2.02633 51.4405
1 7.5 -0.1 0.1  1.32209 2.02633 46.3064
1 7.5 -0.1 0.1  0.01309 2.05774 3.59451
1 7.5 -0.1 0.1  0.274889 2.05774 26.4291
1 7.5 -0.1 0.1  0.536689 2.05774 30.2488
1 7.5 -0.1 0.1  0.798488 2.05774 37.5584
1 7.5 -0.1 0.1  1.06029 2.05774 48.3377
1 7.5 -0.1 0.1  1.32209 2.05774 43.5133
1 7.5 -0.1 0.1  0.01309 2.08916 3.19539
1 7.5 -0.1 0.1  0.274889 2.08916 26.4098
1 7.5 -0.1 0.1  0.536689 2.08916 30.2386
1 7.5 -0.1 0.1  0.798488 2.08916 37.5511
1 7.5 -0.1 0.1  1.06029 2.08916 45.6269
1 7.5 -0.1 0.1  1.32209 2.08916 41.0731
1 7.5 -0.1 0.1  0.01309 2.12058 2.75827
1 7.5 -0.1 0.1  0.274889 2.12058 26.3887
1 7.5 -0.1 0.1  0.536689 2.12058 30.2274
1 7.5 -0.1 0.1  0.798488 2.12058 37.5431
1 7.5 -0.1 0.1  1.06029 2.12058 43.241
1 7.5 -0.1 0.1  1.32209 2.12058 38.9253
1 7.5 -0.1 0.1  0.01309 2.15199 2.28008
1 7.5 -0.1 0.1  0.274889 2.15199 26.3657
1 7.5 -0.1 0.1  0.536689 2.15199 30.2151
1 7.5 -0.1 0.1  0.798488 2.15199 37.5344
1 7.5 -0.1 0.1  1.06029 2.15199 41.1276
1 7.5 -0.1 0.1  1.32209 2.15199 37.0228
1 7.5 -0.1 0.1  0.01309 2.18341 1.7573
1 7.5 -0.1 0.1  0.274889 2.18341 26.3405
1 7.5 -0.1 0.1  0.536689 2.18341 30.2017
1 7.5 -0.1 0.1  0.798488 2.18341 37.5248
1 7.5 -0.1 0.1  1.06029 2.18341 39.2449
1 7.5 -0.1 0.1  1.32209 2.18341 35.328
1 7.5 -0.1 0.1  0.01309 2.21482 1.18593
1 7.5 -0.1 0.1  0.274889 2.21482 26.3129
1 7.5 -0.1 0.1  0.536689 2.21482 30.1871
1 7.5 -0.1 0.1  0.798488 2.21482 37.5144
1 7.5 -0.1 0.1  1.06029 2.21482 37.5594
1 7.5 -0.1 0.1  1.32209 2.21482 33.8108
1 7.5 -0.1 0.1  0.0392699 2.24624 17.8715
1 7.5 -0.1 0.1  0.301069 2.24624 26.6031
1 7.5 -0.1 0.1  0.562869 2.24624 30.6976
1 7.5 -0.1 0.1  0.824668 2.24624 38.577
1 7.5 -0.1 0.1  1.08647 2.24624 35.5351
1 7.5 -0.1 0.1  1.34827 2.24624 32.2431
1 7.5 -0.1 0.1  0.0654498 2.27765 21.2284
1 7.5 -0.1 0.1  0.327249 2.27765 26.901
1 7.5 -0.1 0.1  0.589049 2.27765 31.244
1 7.5 -0.1 0.1  0.850848 2.27765 39.7278
1 7.5 -0.1 0.1  1.11265 2.27765 33.7332
1 7.5 -0.1 0.1  1.37445 2.27765 30.8471
1 7.5 -0.1 0.1  0.0916298 2.30907 22.696
1 7.5 -0.1 0.1  0.353429 2.30907 27.2107
1 7.5 -0.1 0.1  0.615229 2.30907 31.8292
1 7.5 -0.1 0.1  0.877028 2.30907 37.9442
1 7.5 -0.1 0.1  1.13883 2.30907 32.1239
1 7.5 -0.1 0.1  1.40063 2.30907 29.6007
1 7.5 -0.1 0.1  0.11781 2.34049 23.5454
1 7.5 -0.1 0.1  0.379609 2.34049 27.5353
1 7.5 -0.1 0.1  0.641408 2.34049 32.4564
1 7.5 -0.1 0.1  0.903208 2.34049 35.8971
1 7.5 -0.1 0.1  1.16501 2.34049 30.6823
1 7.5 -0.1 0.1  1.42681 2.34049 28.4854
1 7.5 -0.1 0.1  0.14399 2.3719 24.1233
1 7.5 -0.1 0.1  0.405789 2.3719 27.8776
1 7.5 -0.1 0.1  0.667588 2.3719 33.1293
1 7.5 -0.1 0.1  0.929388 2.3719 34.0659
1 7.5 -0.1 0.1  1.19119 2.3719 29.3875
1 7.5 -0.1 0.1  1.45299 2.3719 27.4859
1 7.5 -0.1 0.1  0.17017 2.40332 24.5633
1 7.5 -0.1 0.1  0.431969 2.40332 28.2399
1 7.5 -0.1 0.1  0.693768 2.40332 33.8516
1 7.5 -0.1 0.1  0.955568 2.40332 32.4227
1 7.5 -0.1 0.1  1.21737 2.40332 28.2221
1 7.5 -0.1 0.1  1.47917 2.40332 26.5893
1 7.5 -0.1 0.1  0.19635 2.43473 24.9276
1 7.5 -0.1 0.1  0.458149 2.43473 28.6246
1 7.5 -0.1 0.1  0.719948 2.43473 34.628
1 7.5 -0.1 0.1  0.981748 2.43473 30.9444
1 7.5 -0.1 0.1  1.24355 2.43473 27.1713
1 7.5 -0.1 0.1  1.50535 2.43473 25.7845
1 7.5 -0.1 0.1  0.222529 2.46615 25.2495
1 7.5 -0.1 0.1  0.484329 2.46615 29.0336
1 7.5 -0.1 0.1  0.746128 2.46615 35.4633
1 7.5 -0.1 0.1  1.00793 2.46615 29.611
1 7.5 -0.1 0.1  1.26973 2.46615 26.2224
1 7.5 -0.1 0.1  1.53153 2.46615 25.0622
1 7.5 -0.1 0.1  0.248709 2.49757 25.5482
1 7.5 -0.1 0.1  0.510509 2.49757 29.4694
1 7.5 -0.1 0.1  0.772308 2.49757 34.985
1 7.5 -0.1 0.1  1.03411 2.49757 28.4059
1 7.5 -0.1 0.1  1.29591 2.49757 25.3645
1 7.5 -0.1 0.1  1.55771 2.49757 24.4143
1 7.5 -0.1 0.1  0.274889 2.52898 25.8359
1 7.5 -0.1 0.1  0.536689 2.52898 29.9339
1 7.5 -0.1 0.1  0.798488 2.52898 33.2705
1 7.5 -0.1 0.1  1.06029 2.52898 27.3145
1 7.5 -0.1 0.1  1.32209 2.52898 24.5883
1 7.5 -0.1 0.1  0.0392699 2.5604 14.2261
1 7.5 -0.1 0.1  0.301069 2.5604 26.1204
1 7.5 -0.1 0.1  0.562869 2.5604 30.4294
1 7.5 -0.1 0.1  0.824668 2.5604 31.7255
1 7.5 -0.1 0.1  1.08647 2.5604 26.3244
1 7.5 -0.1 0.1  1.34827 2.5604 23.8857
1 7.5 -0.1 0.1  0.0654498 2.59181 18.8022
1 7.5 -0.1 0.1  0.327249 2.59181 26.4073
1 7.5 -0.1 0.1  0.589049 2.59181 30.9584
1 7.5 -0.1 0.1  0.850848 2.59181 30.3293
1 7.5 -0.1 0.1  1.11265 2.59181 25.4248
1 7.5 -0.1 0.1  1.37445 2.59181 23.2495
1 7.5 -0.1 0.1  0.0916298 2.62323 20.7663
1 7.5 -0.1 0.1  0.353429 2.62323 26.7005
1 7.5 -0.1 0.1  0.615229 2.62323 31.5232
1 7.5 -0.1 0.1  0.877028 2.62323 29.0644
1 7.5 -0.1 0.1  1.13883 2.62323 24.6062
1 7.5 -0.1 0.1  1.40063 2.62323 22.6735
1 7.5 -0.1 0.1  0.11781 2.65465 21.8667
1 7.5 -0.1 0.1  0.379609 2.65465 27.0028
1 7.5 -0.1 0.1  0.641408 2.65465 32.1266
1 7.5 -0.1 0.1  0.903208 2.65465 27.9157
1 7.5 -0.1 0.1  1.16501 2.65465 23.8603
1 7.5 -0.1 0.1  1.42681 2.65465 22.1519
1 7.5 -0.1 0.1  0.14399 2.68606 22.5793
1 7.5 -0.1 0.1  0.405789 2.68606 27.3163
1 7.5 -0.1 0.1  0.667588 2.68606 32.7714
1 7.5 -0.1 0.1  0.929388 2.68606 26.8697
1 7.5 -0.1 0.1  1.19119 2.68606 23.1797
1 7.5 -0.1 0.1  1.45299 2.68606 21.6798
1 7.5 -0.1 0.1  0.17017 2.71748 23.0858
1 7.5 -0.1 0.1  0.431969 2.71748 27.6423
1 7.5 -0.1 0.1  0.693768 2.71748 33.0963
1 7.5 -0.1 0.1  0.955568 2.71748 25.9148
1 7.5 -0.1 0.1  1.21737 2.71748 22.5573
1 7.5 -0.1 0.1  1.47917 2.71748 21.2522
1 7.5 -0.1 0.1  0.19635 2.74889 23.4696
1 7.5 -0.1 0.1  0.458149 2.74889 27.9814
1 7.5 -0.1 0.1  0.719948 2.74889 31.5769
1 7.5 -0.1 0.1  0.981748 2.74889 25.0401
1 7.5 -0.1 0.1  1.24355 2.74889 21.9869
1 7.5 -0.1 0.1  1.50535 2.74889 20.8647
1 7.5 -0.1 0.1  0.222529 2.78031 23.773
1 7.5 -0.1 0.1  0.484329 2.78031 28.3338
1 7.5 -0.1 0.1  0.746128 2.78031 30.1957
1 7.5 -0.1 0.1  1.00793 2.78031 24.2358
1 7.5 -0.1 0.1  1.26973 2.78031 21.4623
1 7.5 -0.1 0.1  1.53153 2.78031 20.5127
1 7.5 -0.1 0.1  0.248709 2.81173 24.0177
1 7.5 -0.1 0.1  0.510509 2.81173 28.6983
1 7.5 -0.1 0.1  0.772308 2.81173 28.9335
1 7.5 -0.1 0.1  1.03411 2.81173 23.4924
1 7.5 -0.1 0.1  1.29591 2.81173 20.9771
1 7.5 -0.1 0.1  1.55771 2.81173 20.1912
1 7.5 -0.1 0.1  0.274889 2.84314 24.2135
1 7.5 -0.1 0.1  0.536689 2.84314 29.0726
1 7.5 -0.1 0.1  0.798488 2.84314 27.7718
1 7.5 -0.1 0.1  1.06029 2.84314 22.8001
1 7.5 -0.1 0.1  1.32209 2.84314 20.5245
1 7.5 -0.1 0.1  0.0654498 2.87456 11.2018
1 7.5 -0.1 0.1  0.327249 2.87456 24.8609
1 7.5 -0.1 0.1  0.589049 2.87456 30.0636
1 7.5 -0.1 0.1  0.850848 2.87456 26.0708
1 7.5 -0.1 0.1  1.11265 2.87456 21.8549
1 7.5 -0.1 0.1  1.37445 2.87456 19.985
1 7.5 -0.1 0.1  0.11781 2.90597 17.027
1 7.5 -0.1 0.1  0.379609 2.90597 25.4677
1 7.5 -0.1 0.1  0.641408 2.90597 31.1759
1 7.5 -0.1 0.1  0.903208 2.90597 24.5819
1 7.5 -0.1 0.1  1.16501 2.90597 21.0108
1 7.5 -0.1 0.1  1.42681 2.90597 19.5064
1 7.5 -0.1 0.1  0.17017 2.93739 19.1719
1 7.5 -0.1 0.1  0.431969 2.93739 26.0591
1 7.5 -0.1 0.1  0.693768 2.93739 29.6978
1 7.5 -0.1 0.1  0.955568 2.93739 23.2537
1 7.5 -0.1 0.1  1.21737 2.93739 20.241
1 7.5 -0.1 0.1  1.47917 2.93739 19.0699
1 7.5 -0.1 0.1  0.222529 2.96881 20.186
1 7.5 -0.1 0.1  0.484329 2.96881 26.6336
1 7.5 -0.1 0.1  0.746128 2.96881 27.4515
1 7.5 -0.1 0.1  1.00793 2.96881 22.0332
1 7.5 -0.1 0.1  1.26973 2.96881 19.5117
1 7.5 -0.1 0.1  1.53153 2.96881 18.6485
1 7.5 -0.1 0.1  0.301069 3.00022 21.4058
1 7.5 -0.1 0.1  0.562869 3.00022 27.8094
1 7.5 -0.1 0.1  0.824668 3.00022 24.7773
1 7.5 -0.1 0.1  1.08647 3.00022 20.5591
1 7.5 -0.1 0.1  1.34827 3.00022 18.6545
1 7.5 -0.1 0.1  0.14399 3.03164 9.94751
1 7.5 -0.1 0.1  0.405789 3.03164 22.7245
1 7.5 -0.1 0.1  0.667588 3.03164 28.3977
1 7.5 -0.1 0.1  0.929388 3.03164 21.9417
1 7.5 -0.1 0.1  1.19119 3.03164 18.9284
1 7.5 -0.1 0.1  1.45299 3.03164 17.7035
1 7.5 -0.1 0.1  0.274889 3.06305 15.0907
1 7.5 -0.1 0.1  0.536689 3.06305 24.2293
1 7.5 -0.1 0.1  0.798488 3.06305 23.1172
1 7.5 -0.1 0.1  1.06029 3.06305 18.9788
1 7.5 -0.1 0.1  1.32209 3.06305 17.0846
1 7.5 -0.1 0.1  0.222529 3.09447 1.68007
1 7.5 -0.1 0.1  0.484329 3.09447 17.8619
1 7.5 -0.1 0.1  0.746128 3.09447 21.0246
1 7.5 -0.1 0.1  1.00793 3.09447 16.8749
1 7.5 -0.1 0.1  1.26973 3.09447 14.9437
1 7.5 -0.1 0.1  1.53153 3.09447 14.2825
1 7.5 -0.1 0.1  0.798488 3.12588 4.1971
1 7.5 -0.1 0.1  1.06029 3.12588 3.44574
1 7.5 -0.1 0.1  1.32209 3.12588 3.10183
2 15.1 10 0.1 0.01309 -3.12588 6.25469
2 15.1 10 0.1 0.274889 -3.12588 26.5574
2 15.1 10 0.1 0.536689 -3.12588 28.964
2 15.1 10 0.1 0.798488 -3.12588 36.7285
2 15.1 10 0.1 1.06029 -3.12588 45.5646
2 15.1 10 0.1 1.32209 -3.12588 41.017
2 15.1 10 0.1 0.01309 -3.09447 6.23468
2 15.1 10 0.1 0.274889 -3.09447 26.5564
2 15.1 10 0.1 0.536689 -3.09447 28.9674
2 15.1 10 0.1 0.798488 -3.09447 36.7227
2 15.1 10 0.1 1.06029 -3.09447 45.6096
2 15.1 10 0.1 1.32209 -3.09447 41.0575
2 15.1 10 0.1 0.01309 -3.06305 6.19458
2 15.1 10 0.1 0.274889 -3.06305 26.5545
2 15.1 10 0.1 0.536689 -3.06305 28.9742
2 15.1 10 0.1 0.798488 -3.06305 36.711
2 15.1 10 0.1 1.06029 -3.06305 45.6998
2 15.1 10 0.1 1.32209 -3.06305 41.1387
2 15.1 10 0.1 0.01309 -3.03164 6.13418
2 15.1 10 0.1 0.274889 -3.03164 26.5515
2 15.1 10 0.1 0.536689 -3.03164 28.9844
2 15.1 10 0.1 0.798488 -3.03164 36.6934
2 15.1 10 0.1 1.06029 -3.03164 45.8358
2 15.1 10 0.1 1.32209 -3.03164 41.2611
2 15.1 10 0.1 0.01309 -3.00022 6.05318
2 15.1 10 0.1 0.274889 -3.00022 26.5476
2 15.1 10 0.1 0.536689 -3.00022 28.9981
2 15.1 10 0.1 0.798488 -3.00022 36.6697
2 15.1 10 0.1 1.06029 -3.00022 46.018
2 15.1 10 0.1 1.32209 -3.00022 41.4252
2 15.1 10 0.1 0.01309 -2.96881 5.95116
2 15.1 10 0.1 0.274889 -2.96881 26.5427
2 15.1 10 0.1 0.536689 -2.96881 29.0153
2 15.1 10 0.1 0.798488 -2.96881 36.64
2 15.1 10 0.1 1.06029 -2.96881 46.2476
2 15.1 10 0.1 1.32209 -2.96881 41.6318
2 15.1 10 0.1 0.01309 -2.93739 5.82762
2 15.1 10 0.1 0.274889 -2.93739 26.5368
2 15.1 10 0.1 0.536689 -2.93739 29.0362
2 15.1 10 0.1 0.798488 -2.93739 36.6039
2 15.1 10 0.1 1.06029 -2.93739 46.5256
2 15.1 10 0.1 1.32209 -2.93739 41.8821
2 15.1 10 0.1 0.01309 -2.90597 5.68191
2 15.1 10 0.1 0.274889 -2.90597 26.5297
2 15.1 10 0.1 0.536689 -2.90597 29.0608
2 15.1 10 0.1 0.798488 -2.90597 36.5614
2 15.1 10 0.1 1.06029 -2.90597 46.8535
2 15.1 10 0.1 1.32209 -2.90597 42.1773
2 15.1 10 0.1 0.01309 -2.87456 5.51328
2 15.1 10 0.1 0.274889 -2.87456 26.5216
2 15.1 10 0.1 0.536689 -2.87456 29.0893
2 15.1 10 0.1 0.798488 -2.87456 36.5123
2 15.1 10 0.1 1.06029 -2.87456 47.233
2 15.1 10 0.1 1.32209 -2.87456 42.5189
2 15.1 10 0.1 0.01309 -2.84314 5.32081
2 15.1 10 0.1 0.274889 -2.84314 26.5123
2 15.1 10 0.1 0.536689 -2.84314 29.1219
2 15.1 10 0.1 0.798488 -2.84314 36.4561
2 15.1 10 0.1 1.06029 -2.84314 47.6661
2 15.1 10 0.1 1.32209 -2.84314 42.9088
2 15.1 10 0.1 0.01309 -2.81173 5.10347
2 15.1 10 0.1 0.274889 -2.81173 26.5018
2 15.1 10 0.1 0.536689 -2.81173 29.1586
2 15.1 10 0.1 0.798488 -2.81173 36.6406
2 15.1 10 0.1 1.06029 -2.81173 48.1552
2 15.1 10 0.1 1.32209 -2.81173 43.349
2 15.1 10 0.1 0.01309 -2.78031 4.86005
2 15.1 10 0.1 0.274889 -2.78031 26.4901
2 15.1 10 0.1 0.536689 -2.78031 29.1998
2 15.1 10 0.1 0.798488 -2.78031 37.1047
2 15.1 10 0.1 1.06029 -2.78031 48.703
2 15.1 10 0.1 1.32209 -2.78031 43.8422
2 15.1 10 0.1 0.01309 -2.74889 4.58915
2 15.1 10 0.1 0.274889 -2.74889 26.477
2 15.1 10 0.1 0.536689 -2.74889 29.2456
2 15.1 10 0.1 0.798488 -2.74889 37.4916
2 15.1 10 0.1 1.06029 -2.74889 49.3127
2 15.1 10 0.1 1.32209 -2.74889 44.391
2 15.1 10 0.1 0.01309 -2.71748 4.28918
2 15.1 10 0.1 0.274889 -2.71748 26.4626
2 15.1 10 0.1 0.536689 -2.71748 29.2963
2 15.1 10 0.1 0.798488 -2.71748 37.5711
2 15.1 10 0.1 1.06029 -2.71748 49.9877
2 15.1 10 0.1 1.32209 -2.71748 44.9986
2 15.1 10 0.1 0.01309 -2.68606 3.95832
2 15.1 10 0.1 0.274889 -2.68606 26.4466
2 15.1 10 0.1 0.536689 -2.68606 29.3522
2 15.1 10 0.1 0.798488 -2.68606 37.5651
2 15.1 10 0.1 1.06029 -2.68606 50.7322
2 15.1 10 0.1 1.32209 -2.68606 45.6689
2 15.1 10 0.1 0.01309 -2.65465 3.59451
2 15.1 10 0.1 0.274889 -2.65465 26.4291
2 15.1 10 0.1 0.536689 -2.65465 29.4137
2 15.1 10 0.1 0.798488 -2.65465 37.5584
2 15.1 10 0.1 1.06029 -2.65465 51.5509
2 15.1 10 0.1 1.32209 -2.65465 46.4059
2 15.1 10 0.1 0.01309 -2.62323 3.19539
2 15.1 10 0.1 0.274889 -2.62323 26.4098
2 15.1 10 0.1 0.536689 -2.62323 29.6438
2 15.1 10 0.1 0.798488 -2.62323 37.5511
2 15.1 10 0.1 1.06029 -2.62323 52.4491
2 15.1 10 0.1 1.32209 -2.62323 47.2144
2 15.1 10 0.1 0.01309 -2.59181 2.75827
2 15.1 10 0.1 0.274889 -2.59181 26.3887
2 15.1 10 0.1 0.536689 -2.59181 29.9833
2 15.1 10 0.1 0.798488 -2.59181 37.5431
2 15.1 10 0.1 1.06029 -2.59181 53.4328
2 15.1 10 0.1 1.32209 -2.59181 48.0999
2 15.1 10 0.1 0.01309 -2.5604 2.28008
2 15.1 10 0.1 0.274889 -2.5604 26.3657
2 15.1 10 0.1 0.536689 -2.5604 30.2151
2 15.1 10 0.1 0.798488 -2.5604 37.5344
2 15.1 10 0.1 1.06029 -2.5604 53.8708
2 15.1 10 0.1 1.32209 -2.5604 49.0686
2 15.1 10 0.1 0.01309 -2.52898 1.7573
2 15.1 10 0.1 0.274889 -2.52898 26.3405
2 15.1 10 0.1 0.536689 -2.52898 30.2017
2 15.1 10 0.1 0.798488 -2.52898 37.5248
2 15.1 10 0.1 1.06029 -2.52898 52.4502
2 15.1 10 0.1 1.32209 -2.52898 47.2154
2 15.1 10 0.1 0.01309 -2.49757 1.18593
2 15.1 10 0.1 0.274889 -2.49757 26.3129
2 15.1 10 0.1 0.536689 -2.49757 30.1871
2 15.1 10 0.1 0.798488 -2.49757 37.5144
2 15.1 10 0.1 1.06029 -2.49757 50.2058
2 15.1 10 0.1 1.32209 -2.49757 45.195
2 15.1 10 0.1 0.0392699 -2.46615 17.8715
2 15.1 10 0.1 0.301069 -2.46615 26.6031
2 15.1 10 0.1 0.562869 -2.46615 30.6976
2 15.1 10 0.1 0.824668 -2.46615 38.577
2 15.1 10 0.1 1.08647 -2.46615 47.508
2 15.1 10 0.1 1.34827 -2.46615 43.1069
2 15.1 10 0.1 0.0654498 -2.43473 21.2284
2 15.1 10 0.1 0.327249 -2.43473 26.901
2 15.1 10 0.1 0.589049 -2.43473 31.244
2 15.1 10 0.1 0.850848 -2.43473 39.7278
2 15.1 10 0.1 1.11265 -2.43473 45.1072
2 15.1 10 0.1 1.37445 -2.43473 41.2479
2 15.1 10 0.1 0.0916298 -2.40332 22.696
2 15.1 10 0.1 0.353429 -2.40332 27.2107
2 15.1 10 0.1 0.615229 -2.40332 31.8292
2 15.1 10 0.1 0.877028 -2.40332 40.9766
2 15.1 10 0.1 1.13883 -2.40332 42.9634
2 15.1 10 0.1 1.40063 -2.40332 39.5887
2 15.1 10 0.1 0.11781 -2.3719 23.5454
2 15.1 10 0.1 0.379609 -2.3719 27.5353
2 15.1 10 0.1 0.641408 -2.3719 32.4564
2 15.1 10 0.1 0.903208 -2.3719 42.3346
2 15.1 10 0.1 1.16501 -2.3719 41.0436
2 15.1 10 0.1 1.42681 -2.3719 38.1048
2 15.1 10 0.1 0.14399 -2.34049 24.1233
2 15.1 10 0.1 0.405789 -2.34049 27.8776
2 15.1 10 0.1 0.667588 -2.34049 33.1293
2 15.1 10 0.1 0.929388 -2.34049 43.8151
2 15.1 10 0.1 1.19119 -2.34049 39.32
2 15.1 10 0.1 1.45299 -2.34049 36.7757
2 15.1 10 0.1 0.17017 -2.30907 24.5633
2 15.1 10 0.1 0.431969 -2.30907 28.2399
2 15.1 10 0.1 0.693768 -2.30907 33.8516
2 15.1 10 0.1 0.955568 -2.30907 43.391
2 15.1 10 0.1 1.21737 -2.30907 37.7694
2 15.1 10 0.1 1.47917 -2.30907 35.5842
2 15.1 10 0.1 0.19635 -2.27765 24.9276
2 15.1 10 0.1 0.458149 -2.27765 28.6246
2 15.1 10 0.1 0.719948 -2.27765 34.628
2 15.1 10 0.1 0.981748 -2.27765 41.4228
2 15.1 10 0.1 1.24355 -2.27765 36.372
2 15.1 10 0.1 1.50535 -2.27765 34.5157
2 15.1 10 0.1 0.222529 -2.24624 25.2495
2 15.1 10 0.1 0.484329 -2.24624 29.0336
2 15.1 10 0.1 0.746128 -2.24624 35.4633
2 15.1 10 0.1 1.00793 -2.24624 39.6484
2 15.1 10 0.1 1.26973 -2.24624 35.1111
2 15.1 10 0.1 1.53153 -2.24624 33.5577
2 15.1 10 0.1 0.248709 -2.21482 25.5482
2 15.1 10 0.1 0.510509 -2.21482 29.4694
2 15.1 10 0.1 0.772308 -2.21482 36.3631
2 15.1 10 0.1 1.03411 -2.21482 38.0457
2 15.1 10 0.1 1.29591 -2.21482 33.9722
2 15.1 10 0.1 1.55771 -2.21482 32.6995
2 15.1 10 0.1 0.274889 -2.18341 25.8359
2 15.1 10 0.1 0.536689 -2.18341 29.9339
2 15.1 10 0.1 0.798488 -2.18341 37.3336
2 15.1 10 0.1 1.06029 -2.18341 36.5953
2 15.1 10 0.1 1.32209 -2.18341 32.9429
2 15.1 10 0.1 0.0392699 -2.15199 14.226
2 15.1 10 0.1 0.301069 -2.15199 26.1204
2 15.1 10 0.1 0.562869 -2.15199 30.4294
2 15.1 10 0.1 0.824668 -2.15199 38.3821
2 15.1 10 0.1 1.08647 -2.15199 35.2809
2 15.1 10 0.1 1.34827 -2.15199 32.0125
2 15.1 10 0.1 0.0654498 -2.12058 18.8022
2 15.1 10 0.1 0.327249 -2.12058 26.4073
2 15.1 10 0.1 0.589049 -2.12058 30.9584
2 15.1 10 0.1 0.850848 -2.12058 39.5168
2 15.1 10 0.1 1.11265 -2.12058 34.0882
2 15.1 10 0.1 1.37445 -2.12058 31.1717
2 15.1 10 0.1 0.0916298 -2.08916 20.7663
2 15.1 10 0.1 0.353429 -2.08916 26.7005
2 15.1 10 0.1 0.615229 -2.08916 31.5232
2 15.1 10 0.1 0.877028 -2.08916 38.9845
2 15.1 10 0.1 1.13883 -2.08916 33.0046
2 15.1 10 0.1 1.40063 -2.08916 30.4122
2 15.1 10 0.1 0.11781 -2.05774 21.8667
2 15.1 10 0.1 0.379609 -2.05774 27.0028
2 15.1 10 0.1 0.641408 -2.05774 32.1266
2 15.1 10 0.1 0.903208 -2.05774 37.4613
2 15.1 10 0.1 1.16501 -2.05774 32.0192
2 15.1 10 0.1 1.42681 -2.05774 29.7266
2 15.1 10 0.1 0.14399 -2.02633 22.5793
2 15.1 10 0.1 0.405789 -2.02633 27.3163
2 15.1 10 0.1 0.667588 -2.02633 32.7714
2 15.1 10 0.1 0.929388 -2.02633 36.0769
2 15.1 10 0.1 1.19119 -2.02633 31.1224
2 15.1 10 0.1 1.45299 -2.02633 29.1085
2 15.1 10 0.1 0.17017 -1.99491 23.0858
2 15.1 10 0.1 0.431969 -1.99491 27.6423
2 15.1 10 0.1 0.693768 -1.99491 33.4604
2 15.1 10 0.1 0.955568 -1.99491 34.8159
2 15.1 10 0.1 1.21737 -1.99491 30.3052
2 15.1 10 0.1 1.47917 -1.99491 28.5519
2 15.1 10 0.1 0.19635 -1.9635 23.4696
2 15.1 10 0.1 0.458149 -1.9635 27.9814
2 15.1 10 0.1 0.719948 -1.9635 34.1966
2 15.1 10 0.1 0.981748 -1.9635 33.6644
2 15.1 10 0.1 1.24355 -1.9635 29.5596
2 15.1 10 0.1 1.50535 -1.9635 28.051
2 15.1 10 0.1 0.222529 -1.93208 23.773
2 15.1 10 0.1 0.484329 -1.93208 28.3338
2 15.1 10 0.1 0.746128 -1.93208 34.9832
2 15.1 10 0.1 1.00793 -1.93208 32.6099
2 15.1 10 0.1 1.26973 -1.93208 28.878
2 15.1 10 0.1 1.53153 -1.93208 27.6004
2 15.1 10 0.1 0.248709 -1.90066 24.0177
2 15.1 10 0.1 0.510509 -1.90066 28.6983
2 15.1 10 0.1 0.772308 -1.90066 35.8231
2 15.1 10 0.1 1.03411 -1.90066 31.6405
2 15.1 10 0.1 1.29591 -1.90066 28.2528
2 15.1 10 0.1 1.55771 -1.90066 27.1944
2 15.1 10 0.1 0.274889 -1.86925 24.2135
2 15.1 10 0.1 0.536689 -1.86925 29.0726
2 15.1 10 0.1 0.798488 -1.86925 36.7188
2 15.1 10 0.1 1.06029 -1.86925 30.7445
2 15.1 10 0.1 1.32209 -1.86925 27.676
2 15.1 10 0.1 0.0654498 -1.83783 11.2018
2 15.1 10 0.1 0.327249 -1.83783 24.8609
2 15.1 10 0.1 0.589049 -1.83783 30.0636
2 15.1 10 0.1 0.850848 -1.83783 35.2063
2 15.1 10 0.1 1.11265 -1.83783 29.5131
2 15.1 10 0.1 1.37445 -1.83783 26.988
2 15.1 10 0.1 0.11781 -1.80642 17.027
2 15.1 10 0.1 0.379609 -1.80642 25.4677
2 15.1 10 0.1 0.641408 -1.80642 31.1759
2 15.1 10 0.1 0.903208 -1.80642 33.2577
2 15.1 10 0.1 1.16501 -1.80642 28.4263
2 15.1 10 0.1 1.42681 -1.80642 26.3909
2 15.1 10 0.1 0.17017 -1.775 19.1719
2 15.1 10 0.1 0.431969 -1.775 26.0591
2 15.1 10 0.1 0.693768 -1.775 32.4238
2 15.1 10 0.1 0.955568 -1.775 31.5383
2 15.1 10 0.1 1.21737 -1.775 27.4523
2 15.1 10 0.1 1.47917 -1.775 25.864
2 15.1 10 0.1 0.222529 -1.74358 20.186
2 15.1 10 0.1 0.484329 -1.74358 26.6336
2 15.1 10 0.1 0.746128 -1.74358 33.817
2 15.1 10 0.1 1.00793 -1.74358 29.9851
2 15.1 10 0.1 1.26973 -1.74358 26.5536
2 15.1 10 0.1 1.53153 -1.74358 25.3788
2 15.1 10 0.1 0.301069 -1.71217 21.4058
2 15.1 10 0.1 0.562869 -1.71217 27.8094
2 15.1 10 0.1 0.824668 -1.71217 33.8901
2 15.1 10 0.1 1.08647 -1.71217 28.1205
2 15.1 10 0.1 1.34827 -1.71217 25.5154
2 15.1 10 0.1 0.14399 -1.68075 9.9475
2 15.1 10 0.1 0.405789 -1.68075 22.7245
2 15.1 10 0.1 0.667588 -1.68075 29.8436
2 15.1 10 0.1 0.929388 -1.68075 30.2602
2 15.1 10 0.1 1.19119 -1.68075 26.1045
2 15.1 10 0.1 1.45299 -1.68075 24.4153
2 15.1 10 0.1 0.274889 -1.64934 15.0907
2 15.1 10 0.1 0.536689 -1.64934 24.2293
2 15.1 10 0.1 0.798488 -1.64934 32.3947
2 15.1 10 0.1 1.06029 -1.64934 26.5954
2 15.1 10 0.1 1.32209 -1.64934 23.941
2 15.1 10 0.1 0.222529 -1.61792 1.68003
2 15.1 10 0.1 0.484329 -1.61792 17.8619
2 15.1 10 0.1 0.746128 -1.61792 27.8002
2 15.1 10 0.1 1.00793 -1.61792 24.717
2 15.1 10 0.1 1.26973 -1.61792 21.8884
2 15.1 10 0.1 1.53153 -1.61792 20.92
2 15.1 10 0.1 0.798488 -1.5865 13.447
2 15.1 10 0.1 1.06029 -1.5865 11.0397
2 15.1 10 0.1 1.32209 -1.5865 9.9379
2 15.1 10 0.1 0.589049 1.5865 1.50402
2 15.1 10 0.1 0.850848 1.5865 12.8114
2 15.1 10 0.1 1.11265 1.5865 10.7397
2 15.1 10 0.1 1.37445 1.5865 9.82083
2 15.1 10 0.1 0.274889 1.61792 6.80891
2 15.1 10 0.1 0.536689 1.61792 19.8326
2 15.1 10 0.1 0.798488 1.61792 29.1831
2 15.1 10 0.1 1.06029 1.61792 23.9587
2 15.1 10 0.1 1.32209 1.61792 21.5675
2 15.1 10 0.1 0.14399 1.64934 3.23891
2 15.1 10 0.1 0.405789 1.64934 20.2859
2 15.1 10 0.1 0.667588 1.64934 28.2887
2 15.1 10 0.1 0.929388 1.64934 28.9601
2 15.1 10 0.1 1.19119 1.64934 24.9829
2 15.1 10 0.1 1.45299 1.64934 23.3664
2 15.1 10 0.1 0.248709 1.68075 17.5306
2 15.1 10 0.1 0.510509 1.68075 25.4303
2 15.1 10 0.1 0.772308 1.68075 33.5348
2 15.1 10 0.1 1.03411 1.68075 28.2126
2 15.1 10 0.1 1.29591 1.68075 25.1919
2 15.1 10 0.1 1.55771 1.68075 24.2482
2 15.1 10 0.1 0.327249 1.71217 22.1341
2 15.1 10 0.1 0.589049 1.71217 28.486
2 15.1 10 0.1 0.850848 1.71217 33.1005
2 15.1 10 0.1 1.11265 1.71217 27.7478
2 15.1 10 0.1 1.37445 1.71217 25.3738
2 15.1 10 0.1 0.11781 1.74358 13.5714
2 15.1 10 0.1 0.379609 1.74358 24.3716
2 15.1 10 0.1 0.641408 1.74358 30.4971
2 15.1 10 0.1 0.903208 1.74358 32.2917
2 15.1 10 0.1 1.16501 1.74358 27.6006
2 15.1 10 0.1 1.42681 1.74358 25.6244
2 15.1 10 0.1 0.17017 1.775 19.1719
2 15.1 10 0.1 0.431969 1.775 26.0591
2 15.1 10 0.1 0.693768 1.775 32.4238
2 15.1 10 0.1 0.955568 1.775 31.5383
2 15.1 10 0.1 1.21737 1.775 27.4523
2 15.1 10 0.1 1.47917 1.775 25.864
2 15.1 10 0.1 0.222529 1.80642 22.0264
2 15.1 10 0.1 0.484329 1.80642 27.5059
2 15.1 10 0.1 0.746128 1.80642 34.4154
2 15.1 10 0.1 1.00793 1.80642 30.8821
2 15.1 10 0.1 1.26973 1.80642 27.3479
2 15.1 10 0.1 1.53153 1.80642 26.138
2 15.1 10 0.1 0.274889 1.83783 23.834
2 15.1 10 0.1 0.536689 1.83783 28.8711
2 15.1 10 0.1 0.798488 1.83783 36.575
2 15.1 10 0.1 1.06029 1.83783 30.3376
2 15.1 10 0.1 1.32209 1.83783 27.3098
2 15.1 10 0.1 0.0392699 1.86925 3.56473
2 15.1 10 0.1 0.301069 1.86925 24.709
2 15.1 10 0.1 0.562869 1.86925 29.645
2 15.1 10 0.1 0.824668 1.86925 36.5295
2 15.1 10 0.1 1.08647 1.86925 30.3105
2 15.1 10 0.1 1.34827 1.86925 27.5026
2 15.1 10 0.1 0.0654498 1.90066 14.0481
2 15.1 10 0.1 0.327249 1.90066 25.44
2 15.1 10 0.1 0.589049 1.90066 30.3987
2 15.1 10 0.1 0.850848 1.90066 36.1673
2 15.1 10 0.1 1.11265 1.90066 30.3187
2 15.1 10 0.1 1.37445 1.90066 27.7248
2 15.1 10 0.1 0.0916298 1.93208 18.4183
2 15.1 10 0.1 0.353429 1.93208 26.0798
2 15.1 10 0.1 0.615229 1.93208 31.151
2 15.1 10 0.1 0.877028 1.93208 35.871
2 15.1 10 0.1 1.13883 1.93208 30.3687
2 15.1 10 0.1 1.40063 1.93208 27.9833
2 15.1 10 0.1 0.11781 1.9635 20.7934
2 15.1 10 0.1 0.379609 1.9635 26.6624
2 15.1 10 0.1 0.641408 1.9635 31.9158
2 15.1 10 0.1 0.903208 1.9635 35.6428
2 15.1 10 0.1 1.16501 1.9635 30.4649
2 15.1 10 0.1 1.42681 1.9635 28.2836
2 15.1 10 0.1 0.14399 1.99491 22.2893
2 15.1 10 0.1 0.405789 1.99491 27.2109
2 15.1 10 0.1 0.667588 1.99491 32.7042
2 15.1 10 0.1 0.929388 1.99491 35.4845
2 15.1 10 0.1 1.19119 1.99491 30.6113
2 15.1 10 0.1 1.45299 1.99491 28.6305
2 15.1 10 0.1 0.17017 2.02633 23.3315
2 15.1 10 0.1 0.431969 2.02633 27.7416
2 15.1 10 0.1 0.693768 2.02633 33.5254
2 15.1 10 0.1 0.955568 2.02633 35.3971
2 15.1 10 0.1 1.21737 2.02633 30.8112
2 15.1 10 0.1 1.47917 2.02633 29.0285
2 15.1 10 0.1 0.19635 2.05774 24.1163
2 15.1 10 0.1 0.458149 2.05774 28.2667
2 15.1 10 0.1 0.719948 2.05774 34.388
2 15.1 10 0.1 0.981748 2.05774 35.3819
2 15.1 10 0.1 1.24355 2.05774 31.0678
2 15.1 10 0.1 1.50535 2.05774 29.4821
2 15.1 10 0.1 0.222529 2.08916 24.7465
2 15.1 10 0.1 0.484329 2.08916 28.7952
2 15.1 10 0.1 0.746128 2.08916 35.2997
2 15.1 10 0.1 1.00793 2.08916 35.4404
2 15.1 10 0.1 1.26973 2.08916 31.3846
2 15.1 10 0.1 1.53153 2.08916 29.996
2 15.1 10 0.1 0.248709 2.12058 25.2808
2 15.1 10 0.1 0.510509 2.12058 29.3347
2 15.1 10 0.1 0.772308 2.12058 36.2687
2 15.1 10 0.1 1.03411 2.12058 35.5743
2 15.1 10 0.1 1.29591 2.12058 31.7654
2 15.1 10 0.1 1.55771 2.12058 30.5754
2 15.1 10 0.1 0.274889 2.15199 25.7555
2 15.1 10 0.1 0.536689 2.15199 29.8912
2 15.1 10 0.1 0.798488 2.15199 37.3032
2 15.1 10 0.1 1.06029 2.15199 35.7861
2 15.1 10 0.1 1.32209 2.15199 32.2144
2 15.1 10 0.1 0.0392699 2.18341 14.7816
2 15.1 10 0.1 0.301069 2.18341 26.194
2 15.1 10 0.1 0.562869 2.18341 30.4703
2 15.1 10 0.1 0.824668 2.18341 38.4118
2 15.1 10 0.1 1.08647 2.18341 36.0788
2 15.1 10 0.1 1.34827 2.18341 32.7365
2 15.1 10 0.1 0.0654498 2.21482 19.8086
2 15.1 10 0.1 0.327249 2.21482 26.6121
2 15.1 10 0.1 0.589049 2.21482 31.0769
2 15.1 10 0.1 0.850848 2.21482 39.6043
2 15.1 10 0.1 1.11265 2.21482 36.4563
2 15.1 10 0.1 1.37445 2.21482 33.3373
2 15.1 10 0.1 0.0916298 2.24624 21.9796
2 15.1 10 0.1 0.353429 2.24624 27.0213
2 15.1 10 0.1 0.615229 2.24624 31.7156
2 15.1 10 0.1 0.877028 2.24624 40.8913
2 15.1 10 0.1 1.13883 2.24624 36.9235
2 15.1 10 0.1 1.40063 2.24624 34.0232
2 15.1 10 0.1 0.11781 2.27765 23.2134
2 15.1 10 0.1 0.379609 2.27765 27.43
2 15.1 10 0.1 0.641408 2.27765 32.3912
2 15.1 10 0.1 0.903208 2.27765 42.2849
2 15.1 10 0.1 1.16501 2.27765 37.486
2 15.1 10 0.1 1.42681 2.27765 34.8019
2 15.1 10 0.1 0.14399 2.30907 24.033
2 15.1 10 0.1 0.405789 2.30907 27.8448
2 15.1 10 0.1 0.667588 2.30907 33.1083
2 15.1 10 0.1 0.929388 2.30907 43.7989
2 15.1 10 0.1 1.19119 2.30907 38.1509
2 15.1 10 0.1 1.45299 2.30907 35.6823
2 15.1 10 0.1 0.17017 2.34049 24.6398
2 15.1 10 0.1 0.431969 2.34049 28.2709
2 15.1 10 0.1 0.693768 2.34049 33.8719
2 15.1 10 0.1 0.955568 2.34049 44.7207
2 15.1 10 0.1 1.21737 2.34049 38.9268
2 15.1 10 0.1 1.47917 2.34049 36.6746
2 15.1 10 0.1 0.19635 2.3719 25.1277
2 15.1 10 0.1 0.458149 2.3719 28.7128
2 15.1 10 0.1 0.719948 2.3719 34.6872
2 15.1 10 0.1 0.981748 2.3719 45.354
2 15.1 10 0.1 1.24355 2.3719 39.8239
2 15.1 10 0.1 1.50535 2.3719 37.7914
2 15.1 10 0.1 0.222529 2.40332 25.5465
2 15.1 10 0.1 0.484329 2.40332 29.1744
2 15.1 10 0.1 0.746128 2.40332 35.5599
2 15.1 10 0.1 1.00793 2.40332 46.1341
2 15.1 10 0.1 1.26973 2.40332 40.8545
2 15.1 10 0.1 1.53153 2.40332 39.047
2 15.1 10 0.1 0.248709 2.43473 25.9255
2 15.1 10 0.1 0.510509 2.43473 29.6594
2 15.1 10 0.1 0.772308 2.43473 36.4961
2 15.1 10 0.1 1.03411 2.43473 47.0736
2 15.1 10 0.1 1.29591 2.43473 42.0335
2 15.1 10 0.1 1.55771 2.43473 40.4588
2 15.1 10 0.1 0.274889 2.46615 26.2828
2 15.1 10 0.1 0.536689 2.46615 30.1711
2 15.1 10 0.1 0.798488 2.46615 37.503
2 15.1 10 0.1 1.06029 2.46615 48.1882
2 15.1 10 0.1 1.32209 2.46615 43.3787
2 15.1 10 0.1 0.01309 2.49757 1.18593
2 15.1 10 0.1 0.274889 2.49757 26.3129
2 15.1 10 0.1 0.536689 2.49757 30.1871
2 15.1 10 0.1 0.798488 2.49757 37.5144
2 15.1 10 0.1 1.06029 2.49757 50.2058
2 15.1 10 0.1 1.32209 2.49757 45.195
2 15.1 10 0.1 0.01309 2.52898 1.7573
2 15.1 10 0.1 0.274889 2.52898 26.3405
2 15.1 10 0.1 0.536689 2.52898 30.2017
2 15.1 10 0.1 0.798488 2.52898 37.5248
2 15.1 10 0.1 1.06029 2.52898 52.4502
2 15.1 10 0.1 1.32209 2.52898 47.2154
2 15.1 10 0.1 0.01309 2.5604 2.28008
2 15.1 10 0.1 0.274889 2.5604 26.3657
2 15.1 10 0.1 0.536689 2.5604 30.2151
2 15.1 10 0.1 0.798488 2.5604 37.5344
2 15.1 10 0.1 1.06029 2.5604 53.8708
2 15.1 10 0.1 1.32209 2.5604 49.0686
2 15.1 10 0.1 0.01309 2.59181 2.75827
2 15.1 10 0.1 0.274889 2.59181 26.3887
2 15.1 10 0.1 0.536689 2.59181 29.9833
2 15.1 10 0.1 0.798488 2.59181 37.5431
2 15.1 10 0.1 1.06029 2.59181 53.4328
2 15.1 10 0.1 1.32209 2.59181 48.0999
2 15.1 10 0.1 0.01309 2.62323 3.19539
2 15.1 10 0.1 0.274889 2.62323 26.4098
2 15.1 10 0.1 0.536689 2.62323 29.6438
2 15.1 10 0.1 0.798488 2.62323 37.5511
2 15.1 10 0.1 1.06029 2.62323 52.4491
2 15.1 10 0.1 1.32209 2.62323 47.2144
2 15.1 10 0.1 0.01309 2.65465 3.59451
2 15.1 10 0.1 0.274889 2.65465 26.4291
2 15.1 10 0.1 0.536689 2.65465 29.4137
2 15.1 10 0.1 0.798488 2.65465 37.5584
2 15.1 10 0.1 1.06029 2.65465 51.5509
2 15.1 10 0.1 1.32209 2.65465 46.4059
2 15.1 10 0.1 0.01309 2.68606 3.95832
2 15.1 10 0.1 0.274889 2.68606 26.4466
2 15.1 10 0.1 0.536689 2.68606 29.3522
2 15.1 10 0.1 0.798488 2.68606 37.5651
2 15.1 10 0.1 1.06029 2.68606 50.7322
2 15.1 10 0.1 1.32209 2.68606 45.6689
2 15.1 10 0.1 0.01309 2.71748 4.28918
2 15.1 10 0.1 0.274889 2.71748 26.4626
2 15.1 10 0.1 0.536689 2.71748 29.2963
2 15.1 10 0.1 0.798488 2.71748 37.5711
2 15.1 10 0.1 1.06029 2.71748 49.9877
2 15.1 10 0.1 1.32209 2.71748 44.9986
2 15.1 10 0.1 0.01309 2.74889 4.58915
2 15.1 10 0.1 0.274889 2.74889 26.477
2 15.1 10 0.1 0.536689 2.74889 29.2456
2 15.1 10 0.1 0.798488 2.74889 37.4916
2 15.1 10 0.1 1.06029 2.74889 49.3127
2 15.1 10 0.1 1.32209 2.74889 44.391
2 15.1 10 0.1 0.01309 2.78031 4.86005
2 15.1 10 0.1 0.274889 2.78031 26.4901
2 15.1 10 0.1 0.536689 2.78031 29.1998
2 15.1 10 0.1 0.798488 2.78031 37.1047
2 15.1 10 0.1 1.06029 2.78031 48.703
2 15.1 10 0.1 1.32209 2.78031 43.8422
2 15.1 10 0.1 0.01309 2.81173 5.10347
2 15.1 10 0.1 0.274889 2.81173 26.5018
2 15.1 10 0.1 0.536689 2.81173 29.1586
2 15.1 10 0.1 0.798488 2.81173 36.6406
2 15.1 10 0.1 1.06029 2.81173 48.1552
2 15.1 10 0.1 1.32209 2.81173 43.349
2 15.1 10 0.1 0.01309 2.84314 5.32081
2 15.1 10 0.1 0.274889 2.84314 26.5123
2 15.1 10 0.1 0.536689 2.84314 29.1219
2 15.1 10 0.1 0.798488 2.84314 36.4561
2 15.1 10 0.1 1.06029 2.84314 47.6661
2 15.1 10 0.1 1.32209 2.84314 42.9088
2 15.1 10 0.1 0.01309 2.87456 5.51328
2 15.1 10 0.1 0.274889 2.87456 26.5216
2 15.1 10 0.1 0.536689 2.87456 29.0893
2 15.1 10 0.1 0.798488 2.87456 36.5123
2 15.1 10 0.1 1.06029 2.87456 47.233
2 15.1 10 0.1 1.32209 2.87456 42.5189
2 15.1 10 0.1 0.01309 2.90597 5.68191
2 15.1 10 0.1 0.274889 2.90597 26.5297
2 15.1 10 0.1 0.536689 2.90597 29.0608
2 15.1 10 0.1 0.798488 2.90597 36.5614
2 15.1 10 0.1 1.06029 2.90597 46.8535
2 15.1 10 0.1 1.32209 2.90597 42.1773
2 15.1 10 0.1 0.01309 2.93739 5.82762
2 15.1 10 0.1 0.274889 2.93739 26.5368
2 15.1 10 0.1 0.536689 2.93739 29.0362
2 15.1 10 0.1 0.798488 2.93739 36.6039
2 15.1 10 0.1 1.06029 2.93739 46.5256
2 15.1 10 0.1 1.32209 2.93739 41.8821
2 15.1 10 0.1 0.01309 2.96881 5.95116
2 15.1 10 0.1 0.274889 2.96881 26.5427
2 15.1 10 0.1 0.536689 2.96881 29.0153
2 15.1 10 0.1 0.798488 2.96881 36.64
2 15.1 10 0.1 1.06029 2.96881 46.2476
2 15.1 10 0.1 1.32209 2.96881 41.6318
2 15.1 10 0.1 0.01309 3.00022 6.05318
2 15.1 10 0.1 0.274889 3.00022 26.5476
2 15.1 10 0.1 0.536689 3.00022 28.9981
2 15.1 10 0.1 0.798488 3.00022 36.6697
2 15.1 10 0.1 1.06029 3.00022 46.018
2 15.1 10 0.1 1.32209 3.00022 41.4252
2 15.1 10 0.1 0.01309 3.03164 6.13418
2 15.1 10 0.1 0.274889 3.03164 26.5515
2 15.1 10 0.1 0.536689 3.03164 28.9844
2 15.1 10 0.1 0.798488 3.03164 36.6934
2 15.1 10 0.1 1.06029 3.03164 45.8358
2 15.1 10 0.1 1.32209 3.03164 41.2611
2 15.1 10 0.1 0.01309 3.06305 6.19458
2 15.1 10 0.1 0.274889 3.06305 26.5545
2 15.1 10 0.1 0.536689 3.06305 28.9742
2 15.1 10 0.1 0.798488 3.06305 36.711
2 15.1 10 0.1 1.06029 3.06305 45.6998
2 15.1 10 0.1 1.32209 3.06305 41.1387
2 15.1 10 0.1 0.01309 3.09447 6.23468
2 15.1 10 0.1 0.274889 3.09447 26.5564
2 15.1 10 0.1 0.536689 3.09447 28.9674
2 15.1 10 0.1 0.798488 3.09447 36.7227
2 15.1 10 0.1 1.06029 3.09447 45.6096
2 15.1 10 0.1 1.32209 3.09447 41.0575
2 15.1 10 0.1 0.01309 3.12588 6.25469
2 15.1 10 0.1 0.274889 3.12588 26.5574
2 15.1 10 0.1 0.536689 3.12588 28.964
2 15.1 10 0.1 0.798488 3.12588 36.7285
2 15.1 10 0.1 1.06029 3.12588 45.5646
2 15.1 10 0.1 1.32209 3.12588 41.017
3 7.5 20.1 0.1 0.589049 -3.12588 1.50417
3 7.5 20.1 0.1 0.850848 -3.12588 3.99871
3 7.5 20.1 0.1 1.11265 -3.12588 3.35208
3 7.5 20.1 0.1 1.37445 -3.12588 3.06529
3 7.5 20.1 0.1 0.274889 -3.09447 6.80894
3 7.5 20.1 0.1 0.536689 -3.09447 19.8326
3 7.5 20.1 0.1 0.798488 -3.09447 19.9239
3 7.5 20.1 0.1 1.06029 -3.09447 16.3571
3 7.5 20.1 0.1 1.32209 -3.09447 14.7246
3 7.5 20.1 0.1 0.14399 -3.06305 3.23893
3 7.5 20.1 0.1 0.405789 -3.06305 20.2859
3 7.5 20.1 0.1 0.667588 -3.06305 26.747
3 7.5 20.1 0.1 0.929388 -3.06305 20.6662
3 7.5 20.1 0.1 1.19119 -3.06305 17.8281
3 7.5 20.1 0.1 1.45299 -3.06305 16.6745
3 7.5 20.1 0.1 0.248709 -3.03164 17.5306
3 7.5 20.1 0.1 0.510509 -3.03164 25.4303
3 7.5 20.1 0.1 0.772308 -3.03164 25.195
3 7.5 20.1 0.1 1.03411 -3.03164 20.4569
3 7.5 20.1 0.1 1.29591 -3.03164 18.2666
3 7.5 20.1 0.1 1.55771 -3.03164 17.5823
3 7.5 20.1 0.1 0.327249 -3.00022 22.1341
3 7.5 20.1 0.1 0.589049 -3.00022 28.486
3 7.5 20.1 0.1 0.850848 -3.00022 24.2
3 7.5 20.1 0.1 1.11265 -3.00022 20.2866
3 7.5 20.1 0.1 1.37445 -3.00022 18.551
3 7.5 20.1 0.1 0.11781 -2.96881 13.5714
3 7.5 20.1 0.1 0.379609 -2.96881 24.3716
3 7.5 20.1 0.1 0.641408 -2.96881 30.4971
3 7.5 20.1 0.1 0.903208 -2.96881 23.7281
3 7.5 20.1 0.1 1.16501 -2.96881 20.2811
3 7.5 20.1 0.1 1.42681 -2.96881 18.8289
3 7.5 20.1 0.1 0.17017 -2.93739 19.1719
3 7.5 20.1 0.1 0.431969 -2.93739 26.0591
3 7.5 20.1 0.1 0.693768 -2.93739 29.6978
3 7.5 20.1 0.1 0.955568 -2.93739 23.2537
3 7.5 20.1 0.1 1.21737 -2.93739 20.241
3 7.5 20.1 0.1 1.47917 -2.93739 19.0699
3 7.5 20.1 0.1 0.222529 -2.90597 22.0264
3 7.5 20.1 0.1 0.484329 -2.90597 27.5059
3 7.5 20.1 0.1 0.746128 -2.90597 28.4392
3 7.5 20.1 0.1 1.00793 -2.90597 22.826
3 7.5 20.1 0.1 1.26973 -2.90597 20.2138
3 7.5 20.1 0.1 1.53153 -2.90597 19.3195
3 7.5 20.1 0.1 0.274889 -2.87456 23.834
3 7.5 20.1 0.1 0.536689 -2.87456 28.8711
3 7.5 20.1 0.1 0.798488 -2.87456 27.3642
3 7.5 20.1 0.1 1.06029 -2.87456 22.4655
3 7.5 20.1 0.1 1.32209 -2.87456 20.2233
3 7.5 20.1 0.1 0.0392699 -2.84314 3.56474
3 7.5 20.1 0.1 0.301069 -2.84314 24.709
3 7.5 20.1 0.1 0.562869 -2.84314 29.645
3 7.5 20.1 0.1 0.824668 -2.84314 27.0903
3 7.5 20.1 0.1 1.08647 -2.84314 22.4783
3 7.5 20.1 0.1 1.34827 -2.84314 20.3959
3 7.5 20.1 0.1 0.0654498 -2.81173 14.0481
3 7.5 20.1 0.1 0.327249 -2.81173 25.44
3 7.5 20.1 0.1 0.589049 -2.81173 30.3987
3 7.5 20.1 0.1 0.850848 -2.81173 26.8535
3 7.5 20.1 0.1 1.11265 -2.81173 22.511
3 7.5 20.1 0.1 1.37445 -2.81173 20.585
3 7.5 20.1 0.1 0.0916298 -2.78031 18.4183
3 7.5 20.1 0.1 0.353429 -2.78031 26.0798
3 7.5 20.1 0.1 0.615229 -2.78031 31.151
3 7.5 20.1 0.1 0.877028 -2.78031 26.6594
3 7.5 20.1 0.1 1.13883 -2.78031 22.5701
3 7.5 20.1 0.1 1.40063 -2.78031 20.7973
3 7.5 20.1 0.1 0.11781 -2.74889 20.7934
3 7.5 20.1 0.1 0.379609 -2.74889 26.6624
3 7.5 20.1 0.1 0.641408 -2.74889 31.9158
3 7.5 20.1 0.1 0.903208 -2.74889 26.5117
3 7.5 20.1 0.1 1.16501 -2.74889 22.6603
3 7.5 20.1 0.1 1.42681 -2.74889 21.0378
3 7.5 20.1 0.1 0.14399 -2.71748 22.2893
3 7.5 20.1 0.1 0.405789 -2.71748 27.2109
3 7.5 20.1 0.1 0.667588 -2.71748 32.7042
3 7.5 20.1 0.1 0.929388 -2.71748 26.4124
3 7.5 20.1 0.1 1.19119 -2.71748 22.7852
3 7.5 20.1 0.1 1.45299 -2.71748 21.3108
3 7.5 20.1 0.1 0.17017 -2.68606 23.3315
3 7.5 20.1 0.1 0.431969 -2.68606 27.7416
3 7.5 20.1 0.1 0.693768 -2.68606 33.5254
3 7.5 20.1 0.1 0.955568 -2.68606 26.3634
3 7.5 20.1 0.1 1.21737 -2.68606 22.9479
3 7.5 20.1 0.1 1.47917 -2.68606 21.6202
3 7.5 20.1 0.1 0.19635 -2.65465 24.1163
3 7.5 20.1 0.1 0.458149 -2.65465 28.2667
3 7.5 20.1 0.1 0.719948 -2.65465 33.2491
3 7.5 20.1 0.1 0.981748 -2.65465 26.3662
3 7.5 20.1 0.1 1.24355 -2.65465 23.1513
3 7.5 20.1 0.1 1.50535 -2.65465 21.9697
3 7.5 20.1 0.1 0.222529 -2.62323 24.7465
3 7.5 20.1 0.1 0.484329 -2.62323 28.7952
3 7.5 20.1 0.1 0.746128 -2.62323 32.9198
3 7.5 20.1 0.1 1.00793 -2.62323 26.4222
3 7.5 20.1 0.1 1.26973 -2.62323 23.3984
3 7.5 20.1 0.1 1.53153 -2.62323 22.3632
3 7.5 20.1 0.1 0.248709 -2.59181 25.2808
3 7.5 20.1 0.1 0.510509 -2.59181 29.3347
3 7.5 20.1 0.1 0.772308 -2.59181 32.6785
3 7.5 20.1 0.1 1.03411 -2.59181 26.5332
3 7.5 20.1 0.1 1.29591 -2.59181 23.6923
3 7.5 20.1 0.1 1.55771 -2.59181 22.8047
3 7.5 20.1 0.1 0.274889 -2.5604 25.7555
3 7.5 20.1 0.1 0.536689 -2.5604 29.8912
3 7.5 20.1 0.1 0.798488 -2.5604 32.5236
3 7.5 20.1 0.1 1.06029 -2.5604 26.7012
3 7.5 20.1 0.1 1.32209 -2.5604 24.0363
3 7.5 20.1 0.1 0.0392699 -2.52898 14.7816
3 7.5 20.1 0.1 0.301069 -2.52898 26.194
3 7.5 20.1 0.1 0.562869 -2.52898 30.4703
3 7.5 20.1 0.1 0.824668 -2.52898 32.4541
3 7.5 20.1 0.1 1.08647 -2.52898 26.9289
3 7.5 20.1 0.1 1.34827 -2.52898 24.4342
3 7.5 20.1 0.1 0.0654498 -2.49757 19.8086
3 7.5 20.1 0.1 0.327249 -2.49757 26.6121
3 7.5 20.1 0.1 0.589049 -2.49757 31.0769
3 7.5 20.1 0.1 0.850848 -2.49757 32.4699
3 7.5 20.1 0.1 1.11265 -2.49757 27.2192
3 7.5 20.1 0.1 1.37445 -2.49757 24.8905
3 7.5 20.1 0.1 0.0916298 -2.46615 21.9796
3 7.5 20.1 0.1 0.353429 -2.46615 27.0213
3 7.5 20.1 0.1 0.615229 -2.46615 31.7156
3 7.5 20.1 0.1 0.877028 -2.46615 32.5722
3 7.5 20.1 0.1 1.13883 -2.46615 27.5759
3 7.5 20.1 0.1 1.40063 -2.46615 25.4099
3 7.5 20.1 0.1 0.11781 -2.43473 23.2134
3 7.5 20.1 0.1 0.379609 -2.43473 27.43
3 7.5 20.1 0.1 0.641408 -2.43473 32.3912
3 7.5 20.1 0.1 0.903208 -2.43473 32.763
3 7.5 20.1 0.1 1.16501 -2.43473 28.0034
3 7.5 20.1 0.1 1.42681 -2.43473 25.9984
3 7.5 20.1 0.1 0.14399 -2.40332 24.033
3 7.5 20.1 0.1 0.405789 -2.40332 27.8448
3 7.5 20.1 0.1 0.667588 -2.40332 33.1083
3 7.5 20.1 0.1 0.929388 -2.40332 33.0454
3 7.5 20.1 0.1 1.19119 -2.40332 28.5072
3 7.5 20.1 0.1 1.45299 -2.40332 26.6626
3 7.5 20.1 0.1 0.17017 -2.3719 24.6398
3 7.5 20.1 0.1 0.431969 -2.3719 28.2709
3 7.5 20.1 0.1 0.693768 -2.3719 33.8719
3 7.5 20.1 0.1 0.955568 -2.3719 33.424
3 7.5 20.1 0.1 1.21737 -2.3719 29.0936
3 7.5 20.1 0.1 1.47917 -2.3719 27.4104
3 7.5 20.1 0.1 0.19635 -2.34049 25.1277
3 7.5 20.1 0.1 0.458149 -2.34049 28.7128
3 7.5 20.1 0.1 0.719948 -2.34049 34.6872
3 7.5 20.1 0.1 0.981748 -2.34049 33.9045
3 7.5 20.1 0.1 1.24355 -2.34049 29.7705
3 7.5 20.1 0.1 1.50535 -2.34049 28.2511
3 7.5 20.1 0.1 0.222529 -2.30907 25.5465
3 7.5 20.1 0.1 0.484329 -2.30907 29.1744
3 7.5 20.1 0.1 0.746128 -2.30907 35.5599
3 7.5 20.1 0.1 1.00793 -2.30907 34.4947
3 7.5 20.1 0.1 1.26973 -2.30907 30.5471
3 7.5 20.1 0.1 1.53153 -2.30907 29.1956
3 7.5 20.1 0.1 0.248709 -2.27765 25.9255
3 7.5 20.1 0.1 0.510509 -2.27765 29.6594
3 7.5 20.1 0.1 0.772308 -2.27765 36.4961
3 7.5 20.1 0.1 1.03411 -2.27765 35.2038
3 7.5 20.1 0.1 1.29591 -2.27765 31.4346
3 7.5 20.1 0.1 1.55771 -2.27765 30.257
3 7.5 20.1 0.1 0.274889 -2.24624 26.2828
3 7.5 20.1 0.1 0.536689 -2.24624 30.1711
3 7.5 20.1 0.1 0.798488 -2.24624 37.503
3 7.5 20.1 0.1 1.06029 -2.24624 36.0438
3 7.5 20.1 0.1 1.32209 -2.24624 32.4465
3 7.5 20.1 0.1 0.01309 -2.21482 1.18593
3 7.5 20.1 0.1 0.274889 -2.21482 26.3129
3 7.5 20.1 0.1 0.536689 -2.21482 30.1871
3 7.5 20.1 0.1 0.798488 -2.21482 37.5144
3 7.5 20.1 0.1 1.06029 -2.21482 37.5594
3 7.5 20.1 0.1 1.32209 -2.21482 33.8108
3 7.5 20.1 0.1 0.01309 -2.18341 1.7573
3 7.5 20.1 0.1 0.274889 -2.18341 26.3405
3 7.5 20.1 0.1 0.536689 -2.18341 30.2017
3 7.5 20.1 0.1 0.798488 -2.18341 37.5248
3 7.5 20.1 0.1 1.06029 -2.18341 39.2449
3 7.5 20.1 0.1 1.32209 -2.18341 35.328
3 7.5 20.1 0.1 0.01309 -2.15199 2.28008
3 7.5 20.1 0.1 0.274889 -2.15199 26.3657
3 7.5 20.1 0.1 0.536689 -2.15199 30.2151
3 7.5 20.1 0.1 0.798488 -2.15199 37.5344
3 7.5 20.1 0.1 1.06029 -2.15199 41.1276
3 7.5 20.1 0.1 1.32209 -2.15199 37.0228
3 7.5 20.1 0.1 0.01309 -2.12058 2.75827
3 7.5 20.1 0.1 0.274889 -2.12058 26.3887
3 7.5 20.1 0.1 0.536689 -2.12058 30.2274
3 7.5 20.1 0.1 0.798488 -2.12058 37.5431
3 7.5 20.1 0.1 1.06029 -2.12058 43.241
3 7.5 20.1 0.1 1.32209 -2.12058 38.9253
3 7.5 20.1 0.1 0.01309 -2.08916 3.19539
3 7.5 20.1 0.1 0.274889 -2.08916 26.4098
3 7.5 20.1 0.1 0.536689 -2.08916 30.2386
3 7.5 20.1 0.1 0.798488 -2.08916 37.5511
3 7.5 20.1 0.1 1.06029 -2.08916 45.6269
3 7.5 20.1 0.1 1.32209 -2.08916 41.0731
3 7.5 20.1 0.1 0.01309 -2.05774 3.59451
3 7.5 20.1 0.1 0.274889 -2.05774 26.4291
3 7.5 20.1 0.1 0.536689 -2.05774 30.2488
3 7.5 20.1 0.1 0.798488 -2.05774 37.5584
3 7.5 20.1 0.1 1.06029 -2.05774 48.3377
3 7.5 20.1 0.1 1.32209 -2.05774 43.5133
3 7.5 20.1 0.1 0.01309 -2.02633 3.95832
3 7.5 20.1 0.1 0.274889 -2.02633 26.4466
3 7.5 20.1 0.1 0.536689 -2.02633 30.2581
3 7.5 20.1 0.1 0.798488 -2.02633 37.5651
3 7.5 20.1 0.1 1.06029 -2.02633 51.4405
3 7.5 20.1 0.1 1.32209 -2.02633 46.3064
3 7.5 20.1 0.1 0.01309 -1.99491 4.28918
3 7.5 20.1 0.1 0.274889 -1.99491 26.4626
3 7.5 20.1 0.1 0.536689 -1.99491 30.2666
3 7.5 20.1 0.1 0.798488 -1.99491 37.5711
3 7.5 20.1 0.1 1.06029 -1.99491 53.901
3 7.5 20.1 0.1 1.32209 -1.99491 49.5305
3 7.5 20.1 0.1 0.01309 -1.9635 4.58915
3 7.5 20.1 0.1 0.274889 -1.9635 26.477
3 7.5 20.1 0.1 0.536689 -1.9635 30.2742
3 7.5 20.1 0.1 0.798488 -1.9635 37.5766
3 7.5 20.1 0.1 1.06029 -1.9635 53.9055
3 7.5 20.1 0.1 1.32209 -1.9635 53.2887
3 7.5 20.1 0.1 0.01309 -1.93208 4.86005
3 7.5 20.1 0.1 0.274889 -1.93208 26.4901
3 7.5 20.1 0.1 0.536689 -1.93208 30.2812
3 7.5 20.1 0.1 0.798488 -1.93208 37.5815
3 7.5 20.1 0.1 1.06029 -1.93208 53.9095
3 7.5 20.1 0.1 1.32209 -1.93208 57.7202
3 7.5 20.1 0.1 0.01309 -1.90066 5.10347
3 7.5 20.1 0.1 0.274889 -1.90066 26.5018
3 7.5 20.1 0.1 0.536689 -1.90066 30.2874
3 7.5 20.1 0.1 0.798488 -1.90066 37.586
3 7.5 20.1 0.1 1.06029 -1.90066 53.9132
3 7.5 20.1 0.1 1.32209 -1.90066 57.7987
3 7.5 20.1 0.1 0.01309 -1.86925 5.32082
3 7.5 20.1 0.1 0.274889 -1.86925 26.5123
3 7.5 20.1 0.1 0.536689 -1.86925 30.293
3 7.5 20.1 0.1 0.798488 -1.86925 37.5899
3 7.5 20.1 0.1 1.06029 -1.86925 53.9165
3 7.5 20.1 0.1 1.32209 -1.86925 57.2117
3 7.5 20.1 0.1 0.01309 -1.83783 5.51328
3 7.5 20.1 0.1 0.274889 -1.83783 26.5216
3 7.5 20.1 0.1 0.536689 -1.83783 30.2979
3 7.5 20.1 0.1 0.798488 -1.83783 37.5935
3 7.5 20.1 0.1 1.06029 -1.83783 53.9193
3 7.5 20.1 0.1 1.32209 -1.83783 56.6918
3 7.5 20.1 0.1 0.01309 -1.80642 5.68192
3 7.5 20.1 0.1 0.274889 -1.80642 26.5297
3 7.5 20.1 0.1 0.536689 -1.80642 30.3022
3 7.5 20.1 0.1 0.798488 -1.80642 37.5965
3 7.5 20.1 0.1 1.06029 -1.80642 53.9219
3 7.5 20.1 0.1 1.32209 -1.80642 56.2363
3 7.5 20.1 0.1 0.01309 -1.775 5.82762
3 7.5 20.1 0.1 0.274889 -1.775 26.5368
3 7.5 20.1 0.1 0.536689 -1.775 30.3059
3 7.5 20.1 0.1 0.798488 -1.775 37.5992
3 7.5 20.1 0.1 1.06029 -1.775 53.9241
3 7.5 20.1 0.1 1.32209 -1.775 55.8428
3 7.5 20.1 0.1 0.01309 -1.74358 5.95116
3 7.5 20.1 0.1 0.274889 -1.74358 26.5427
3 7.5 20.1 0.1 0.536689 -1.74358 30.3091
3 7.5 20.1 0.1 0.798488 -1.74358 37.6015
3 7.5 20.1 0.1 1.06029 -1.74358 53.9259
3 7.5 20.1 0.1 1.32209 -1.74358 55.5091
3 7.5 20.1 0.1 0.01309 -1.71217 6.05318
3 7.5 20.1 0.1 0.274889 -1.71217 26.5476
3 7.5 20.1 0.1 0.536689 -1.71217 30.3117
3 7.5 20.1 0.1 0.798488 -1.71217 37.6033
3 7.5 20.1 0.1 1.06029 -1.71217 53.9274
3 7.5 20.1 0.1 1.32209 -1.71217 55.2336
3 7.5 20.1 0.1 0.01309 -1.68075 6.13418
3 7.5 20.1 0.1 0.274889 -1.68075 26.5515
3 7.5 20.1 0.1 0.536689 -1.68075 30.3138
3 7.5 20.1 0.1 0.798488 -1.68075 37.6048
3 7.5 20.1 0.1 1.06029 -1.68075 53.9287
3 7.5 20.1 0.1 1.32209 -1.68075 55.0148
3 7.5 20.1 0.1 0.01309 -1.64934 6.19458
3 7.5 20.1 0.1 0.274889 -1.64934 26.5545
3 7.5 20.1 0.1 0.536689 -1.64934 30.3153
3 7.5 20.1 0.1 0.798488 -1.64934 37.6059
3 7.5 20.1 0.1 1.06029 -1.64934 53.9296
3 7.5 20.1 0.1 1.32209 -1.64934 54.8516
3 7.5 20.1 0.1 0.01309 -1.61792 6.23468
3 7.5 20.1 0.1 0.274889 -1.61792 26.5564
3 7.5 20.1 0.1 0.536689 -1.61792 30.3164
3 7.5 20.1 0.1 0.798488 -1.61792 37.6066
3 7.5 20.1 0.1 1.06029 -1.61792 53.9302
3 7.5 20.1 0.1 1.32209 -1.61792 54.7433
3 7.5 20.1 0.1 0.01309 -1.5865 6.25469
3 7.5 20.1 0.1 0.274889 -1.5865 26.5574
3 7.5 20.1 0.1 0.536689 -1.5865 30.3169
3 7.5 20.1 0.1 0.798488 -1.5865 37.607
3 7.5 20.1 0.1 1.06029 -1.5865 53.9305
3 7.5 20.1 0.1 1.32209 -1.5865 54.6893
3 7.5 20.1 0.1 0.01309 -1.55509 6.25469
3 7.5 20.1 0.1 0.274889 -1.55509 26.5574
3 7.5 20.1 0.1 0.536689 -1.55509 30.3169
3 7.5 20.1 0.1 0.798488 -1.55509 37.607
3 7.5 20.1 0.1 1.06029 -1.55509 53.9305
3 7.5 20.1 0.1 1.32209 -1.55509 54.6893
3 7.5 20.1 0.1 0.01309 -1.52367 6.23468
3 7.5 20.1 0.1 0.274889 -1.52367 26.5564
3 7.5 20.1 0.1 0.536689 -1.52367 30.3164
3 7.5 20.1 0.1 0.798488 -1.52367 37.6066
3 7.5 20.1 0.1 1.06029 -1.52367 53.9302
3 7.5 20.1 0.1 1.32209 -1.52367 54.7433
3 7.5 20.1 0.1 0.01309 -1.49226 6.19458
3 7.5 20.1 0.1 0.274889 -1.49226 26.5545
3 7.5 20.1 0.1 0.536689 -1.49226 30.3153
3 7.5 20.1 0.1 0.798488 -1.49226 37.6059
3 7.5 20.1 0.1 1.06029 -1.49226 53.9296
3 7.5 20.1 0.1 1.32209 -1.49226 54.8516
3 7.5 20.1 0.1 0.01309 -1.46084 6.13418
3 7.5 20.1 0.1 0.274889 -1.46084 26.5515
3 7.5 20.1 0.1 0.536689 -1.46084 30.3138
3 7.5 20.1 0.1 0.798488 -1.46084 37.6048
3 7.5 20.1 0.1 1.06029 -1.46084 53.9287
3 7.5 20.1 0.1 1.32209 -1.46084 55.0148
3 7.5 20.1 0.1 0.01309 -1.42942 6.05318
3 7.5 20.1 0.1 0.274889 -1.42942 26.5476
3 7.5 20.1 0.1 0.536689 -1.42942 30.3117
3 7.5 20.1 0.1 0.798488 -1.42942 37.6033
3 7.5 20.1 0.1 1.06029 -1.42942 52.7532
3 7.5 20.1 0.1 1.32209 -1.42942 55.2336
3 7.5 20.1 0.1 0.01309 -1.39801 5.95116
3 7.5 20.1 0.1 0.274889 -1.39801 26.5427
3 7.5 20.1 0.1 0.536689 -1.39801 30.3091
3 7.5 20.1 0.1 0.798488 -1.39801 37.6015
3 7.5 20.1 0.1 1.06029 -1.39801 51.4267
3 7.5 20.1 0.1 1.32209 -1.39801 55.5091
3 7.5 20.1 0.1 0.01309 -1.36659 5.82762
3 7.5 20.1 0.1 0.274889 -1.36659 26.5368
3 7.5 20.1 0.1 0.536689 -1.36659 30.3059
3 7.5 20.1 0.1 0.798488 -1.36659 37.5992
3 7.5 20.1 0.1 1.06029 -1.36659 51.3698
3 7.5 20.1 0.1 1.32209 -1.36659 55.8428
3 7.5 20.1 0.1 0.01309 -1.33518 5.68191
3 7.5 20.1 0.1 0.274889 -1.33518 26.5297
3 7.5 20.1 0.1 0.536689 -1.33518 30.3022
3 7.5 20.1 0.1 0.798488 -1.33518 37.5965
3 7.5 20.1 0.1 1.06029 -1.33518 51.3027
3 7.5 20.1 0.1 1.32209 -1.33518 56.2363
3 7.5 20.1 0.1 0.01309 -1.30376 5.51328
3 7.5 20.1 0.1 0.274889 -1.30376 26.5216
3 7.5 20.1 0.1 0.536689 -1.30376 30.2979
3 7.5 20.1 0.1 0.798488 -1.30376 37.5935
3 7.5 20.1 0.1 1.06029 -1.30376 51.2588
3 7.5 20.1 0.1 1.32209 -1.30376 56.6918
3 7.5 20.1 0.1 0.01309 -1.27235 5.32081
3 7.5 20.1 0.1 0.274889 -1.27235 26.5123
3 7.5 20.1 0.1 0.536689 -1.27235 30.293
3 7.5 20.1 0.1 0.798488 -1.27235 37.5899
3 7.5 20.1 0.1 1.06029 -1.27235 51.2559
3 7.5 20.1 0.1 1.32209 -1.27235 57.2117
3 7.5 20.1 0.1 0.01309 -1.24093 5.10347
3 7.5 20.1 0.1 0.274889 -1.24093 26.5018
3 7.5 20.1 0.1 0.536689 -1.24093 30.2874
3 7.5 20.1 0.1 0.798488 -1.24093 37.586
3 7.5 20.1 0.1 1.06029 -1.24093 51.2527
3 7.5 20.1 0.1 1.32209 -1.24093 57.7987
3 7.5 20.1 0.1 0.01309 -1.20951 4.86005
3 7.5 20.1 0.1 0.274889 -1.20951 26.4901
3 7.5 20.1 0.1 0.536689 -1.20951 30.2812
3 7.5 20.1 0.1 0.798488 -1.20951 37.5815
3 7.5 20.1 0.1 1.06029 -1.20951 51.249
3 7.5 20.1 0.1 1.32209 -1.20951 57.7202
3 7.5 20.1 0.1 0.01309 -1.1781 4.58915
3 7.5 20.1 0.1 0.274889 -1.1781 26.477
3 7.5 20.1 0.1 0.536689 -1.1781 30.2742
3 7.5 20.1 0.1 0.798488 -1.1781 37.5766
3 7.5 20.1 0.1 1.06029 -1.1781 51.7965
3 7.5 20.1 0.1 1.32209 -1.1781 53.2887
3 7.5 20.1 0.1 0.01309 -1.14668 4.28918
3 7.5 20.1 0.1 0.274889 -1.14668 26.4626
3 7.5 20.1 0.1 0.536689 -1.14668 30.2666
3 7.5 20.1 0.1 0.798488 -1.14668 37.5711
3 7.5 20.1 0.1 1.06029 -1.14668 52.4057
3 7.5 20.1 0.1 1.32209 -1.14668 49.5305
3 7.5 20.1 0.1 0.01309 -1.11527 3.95832
3 7.5 20.1 0.1 0.274889 -1.11527 26.4466
3 7.5 20.1 0.1 0.536689 -1.11527 30.2581
3 7.5 20.1 0.1 0.798488 -1.11527 37.5651
3 7.5 20.1 0.1 1.06029 -1.11527 50.5398
3 7.5 20.1 0.1 1.32209 -1.11527 46.3064
3 7.5 20.1 0.1 0.01309 -1.08385 3.59451
3 7.5 20.1 0.1 0.274889 -1.08385 26.4291
3 7.5 20.1 0.1 0.536689 -1.08385 30.2488
3 7.5 20.1 0.1 0.798488 -1.08385 37.5584
3 7.5 20.1 0.1 1.06029 -1.08385 48.0014
3 7.5 20.1 0.1 1.32209 -1.08385 43.5133
3 7.5 20.1 0.1 0.01309 -1.05243 3.19539
3 7.5 20.1 0.1 0.274889 -1.05243 26.4098
3 7.5 20.1 0.1 0.536689 -1.05243 30.2386
3 7.5 20.1 0.1 0.798488 -1.05243 37.5511
3 7.5 20.1 0.1 1.06029 -1.05243 45.6269
3 7.5 20.1 0.1 1.32209 -1.05243 41.073
3 7.5 20.1 0.1 0.01309 -1.02102 2.75827
3 7.5 20.1 0.1 0.274889 -1.02102 26.3887
3 7.5 20.1 0.1 0.536689 -1.02102 30.2274
3 7.5 20.1 0.1 0.798488 -1.02102 37.5431
3 7.5 20.1 0.1 1.06029 -1.02102 43.241
3 7.5 20.1 0.1 1.32209 -1.02102 38.9253
3 7.5 20.1 0.1 0.01309 -0.989602 2.28008
3 7.5 20.1 0.1 0.274889 -0.989602 26.3657
3 7.5 20.1 0.1 0.536689 -0.989602 30.2151
3 7.5 20.1 0.1 0.798488 -0.989602 37.5344
3 7.5 20.1 0.1 1.06029 -0.989602 41.1275
3 7.5 20.1 0.1 1.32209 -0.989602 37.0228
3 7.5 20.1 0.1 0.01309 -0.958186 1.7573
3 7.5 20.1 0.1 0.274889 -0.958186 26.3405
3 7.5 20.1 0.1 0.536689 -0.958186 30.2017
3 7.5 20.1 0.1 0.798488 -0.958186 37.5248
3 7.5 20.1 0.1 1.06029 -0.958186 39.2449
3 7.5 20.1 0.1 1.32209 -0.958186 35.328
3 7.5 20.1 0.1 0.01309 -0.92677 1.18593
3 7.5 20.1 0.1 0.274889 -0.92677 26.3129
3 7.5 20.1 0.1 0.536689 -0.92677 30.1871
3 7.5 20.1 0.1 0.798488 -0.92677 37.5144
3 7.5 20.1 0.1 1.06029 -0.92677 37.5594
3 7.5 20.1 0.1 1.32209 -0.92677 33.8108
3 7.5 20.1 0.1 0.0392699 -0.895354 17.8715
3 7.5 20.1 0.1 0.301069 -0.895354 26.6031
3 7.5 20.1 0.1 0.562869 -0.895354 30.6976
3 7.5 20.1 0.1 0.824668 -0.895354 38.577
3 7.5 20.1 0.1 1.08647 -0.895354 35.5351
3 7.5 20.1 0.1 1.34827 -0.895354 32.2431
3 7.5 20.1 0.1 0.0654498 -0.863938 21.2284
3 7.5 20.1 0.1 0.327249 -0.863938 26.901
3 7.5 20.1 0.1 0.589049 -0.863938 31.244
3 7.5 20.1 0.1 0.850848 -0.863938 39.7278
3 7.5 20.1 0.1 1.11265 -0.863938 33.7332
3 7.5 20.1 0.1 1.37445 -0.863938 30.8471
3 7.5 20.1 0.1 0.0916298 -0.832522 22.696
3 7.5 20.1 0.1 0.353429 -0.832522 27.2107
3 7.5 20.1 0.1 0.615229 -0.832522 31.8292
3 7.5 20.1 0.1 0.877028 -0.832522 37.9442
3 7.5 20.1 0.1 1.13883 -0.832522 32.1239
3 7.5 20.1 0.1 1.40063 -0.832522 29.6007
3 7.5 20.1 0.1 0.11781 -0.801106 23.5454
3 7.5 20.1 0.1 0.379609 -0.801106 27.5353
3 7.5 20.1 0.1 0.641408 -0.801106 32.4564
3 7.5 20.1 0.1 0.903208 -0.801106 35.8971
3 7.5 20.1 0.1 1.16501 -0.801106 30.6823
3 7.5 20.1 0.1 1.42681 -0.801106 28.4854
3 7.5 20.1 0.1 0.14399 -0.76969 24.1233
3 7.5 20.1 0.1 0.405789 -0.76969 27.8776
3 7.5 20.1 0.1 0.667588 -0.76969 33.1293
3 7.5 20.1 0.1 0.929388 -0.76969 34.0659
3 7.5 20.1 0.1 1.19119 -0.76969 29.3875
3 7.5 20.1 0.1 1.45299 -0.76969 27.4859
3 7.5 20.1 0.1 0.17017 -0.738274 24.5633
3 7.5 20.1 0.1 0.431969 -0.738274 28.2399
3 7.5 20.1 0.1 0.693768 -0.738274 33.8516
3 7.5 20.1 0.1 0.955568 -0.738274 32.4227
3 7.5 20.1 0.1 1.21737 -0.738274 28.2221
3 7.5 20.1 0.1 1.47917 -0.738274 26.5893
3 7.5 20.1 0.1 0.19635 -0.706858 24.9276
3 7.5 20.1 0.1 0.458149 -0.706858 28.6246
3 7.5 20.1 0.1 0.719948 -0.706858 34.628
3 7.5 20.1 0.1 0.981748 -0.706858 30.9444
3 7.5 20.1 0.1 1.24355 -0.706858 27.1713
3 7.5 20.1 0.1 1.50535 -0.706858 25.7845
3 7.5 20.1 0.1 0.222529 -0.675442 25.2495
3 7.5 20.1 0.1 0.484329 -0.675442 29.0336
3 7.5 20.1 0.1 0.746128 -0.675442 35.4633
3 7.5 20.1 0.1 1.00793 -0.675442 29.611
3 7.5 20.1 0.1 1.26973 -0.675442 26.2224
3 7.5 20.1 0.1 1.53153 -0.675442 25.0622
3 7.5 20.1 0.1 0.248709 -0.644026 25.5482
3 7.5 20.1 0.1 0.510509 -0.644026 29.4694
3 7.5 20.1 0.1 0.772308 -0.644026 34.985
3 7.5 20.1 0.1 1.03411 -0.644026 28.4059
3 7.5 20.1 0.1 1.29591 -0.644026 25.3645
3 7.5 20.1 0.1 1.55771 -0.644026 24.4143
3 7.5 20.1 0.1 0.274889 -0.612611 25.8359
3 7.5 20.1 0.1 0.536689 -0.612611 29.9339
3 7.5 20.1 0.1 0.798488 -0.612611 33.2705
3 7.5 20.1 0.1 1.06029 -0.612611 27.3145
3 7.5 20.1 0.1 1.32209 -0.612611 24.5883
3 7.5 20.1 0.1 0.0392699 -0.581195 14.226
3 7.5 20.1 0.1 0.301069 -0.581195 26.1204
3 7.5 20.1 0.1 0.562869 -0.581195 30.4294
3 7.5 20.1 0.1 0.824668 -0.581195 31.7255
3 7.5 20.1 0.1 1.08647 -0.581195 26.3244
3 7.5 20.1 0.1 1.34827 -0.581195 23.8857
3 7.5 20.1 0.1 0.0654498 -0.549779 18.8022
3 7.5 20.1 0.1 0.327249 -0.549779 26.4073
3 7.5 20.1 0.1 0.589049 -0.549779 30.9584
3 7.5 20.1 0.1 0.850848 -0.549779 30.3293
3 7.5 20.1 0.1 1.11265 -0.549779 25.4248
3 7.5 20.1 0.1 1.37445 -0.549779 23.2495
3 7.5 20.1 0.1 0.0916298 -0.518363 20.7663
3 7.5 20.1 0.1 0.353429 -0.518363 26.7005
3 7.5 20.1 0.1 0.615229 -0.518363 31.5232
3 7.5 20.1 0.1 0.877028 -0.518363 29.0644
3 7.5 20.1 0.1 1.13883 -0.518363 24.6062
3 7.5 20.1 0.1 1.40063 -0.518363 22.6735
3 7.5 20.1 0.1 0.11781 -0.486947 21.8667
3 7.5 20.1 0.1 0.379609 -0.486947 27.0028
3 7.5 20.1 0.1 0.641408 -0.486947 32.1266
3 7.5 20.1 0.1 0.903208 -0.486947 27.9157
3 7.5 20.1 0.1 1.16501 -0.486947 23.8603
3 7.5 20.1 0.1 1.42681 -0.486947 22.1519
3 7.5 20.1 0.1 0.14399 -0.455531 22.5793
3 7.5 20.1 0.1 0.405789 -0.455531 27.3163
3 7.5 20.1 0.1 0.667588 -0.455531 32.7714
3 7.5 20.1 0.1 0.929388 -0.455531 26.8697
3 7.5 20.1 0.1 1.19119 -0.455531 23.1797
3 7.5 20.1 0.1 1.45299 -0.455531 21.6798
3 7.5 20.1 0.1 0.17017 -0.424115 23.0858
3 7.5 20.1 0.1 0.431969 -0.424115 27.6423
3 7.5 20.1 0.1 0.693768 -0.424115 33.0963
3 7.5 20.1 0.1 0.955568 -0.424115 25.9148
3 7.5 20.1 0.1 1.21737 -0.424115 22.5573
3 7.5 20.1 0.1 1.47917 -0.424115 21.2522
3 7.5 20.1 0.1 0.19635 -0.392699 23.4696
3 7.5 20.1 0.1 0.458149 -0.392699 27.9814
3 7.5 20.1 0.1 0.719948 -0.392699 31.5769
3 7.5 20.1 0.1 0.981748 -0.392699 25.0401
3 7.5 20.1 0.1 1.24355 -0.392699 21.9869
3 7.5 20.1 0.1 1.50535 -0.392699 20.8647
3 7.5 20.1 0.1 0.222529 -0.361283 23.773
3 7.5 20.1 0.1 0.484329 -0.361283 28.3338
3 7.5 20.1 0.1 0.746128 -0.361283 30.1957
3 7.5 20.1 0.1 1.00793 -0.361283 24.2358
3 7.5 20.1 0.1 1.26973 -0.361283 21.4623
3 7.5 20.1 0.1 1.53153 -0.361283 20.5127
3 7.5 20.1 0.1 0.248709 -0.329867 24.0177
3 7.5 20.1 0.1 0.510509 -0.329867 28.6983
3 7.5 20.1 0.1 0.772308 -0.329867 28.9335
3 7.5 20.1 0.1 1.03411 -0.329867 23.4924
3 7.5 20.1 0.1 1.29591 -0.329867 20.9771
3 7.5 20.1 0.1 1.55771 -0.329867 20.1912
3 7.5 20.1 0.1 0.274889 -0.298451 24.2135
3 7.5 20.1 0.1 0.536689 -0.298451 29.0726
3 7.5 20.1 0.1 0.798488 -0.298451 27.7718
3 7.5 20.1 0.1 1.06029 -0.298451 22.8001
3 7.5 20.1 0.1 1.32209 -0.298451 20.5245
3 7.5 20.1 0.1 0.0654498 -0.267035 11.2018
3 7.5 20.1 0.1 0.327249 -0.267035 24.8609
3 7.5 20.1 0.1 0.589049 -0.267035 30.0636
3 7.5 20.1 0.1 0.850848 -0.267035 26.0708
3 7.5 20.1 0.1 1.11265 -0.267035 21.8549
3 7.5 20.1 0.1 1.37445 -0.267035 19.985
3 7.5 20.1 0.1 0.11781 -0.235619 17.027
3 7.5 20.1 0.1 0.379609 -0.235619 25.4677
3 7.5 20.1 0.1 0.641408 -0.235619 31.1759
3 7.5 20.1 0.1 0.903208 -0.235619 24.5819
3 7.5 20.1 0.1 1.16501 -0.235619 21.0108
3 7.5 20.1 0.1 1.42681 -0.235619 19.5064
3 7.5 20.1 0.1 0.17017 -0.204204 19.1719
3 7.5 20.1 0.1 0.431969 -0.204204 26.0591
3 7.5 20.1 0.1 0.693768 -0.204204 29.6978
3 7.5 20.1 0.1 0.955568 -0.204204 23.2537
3 7.5 20.1 0.1 1.21737 -0.204204 20.241
3 7.5 20.1 0.1 1.47917 -0.204204 19.0699
3 7.5 20.1 0.1 0.222529 -0.172788 20.186
3 7.5 20.1 0.1 0.484329 -0.172788 26.6336
3 7.5 20.1 0.1 0.746128 -0.172788 27.4515
3 7.5 20.1 0.1 1.00793 -0.172788 22.0332
3 7.5 20.1 0.1 1.26973 -0.172788 19.5117
3 7.5 20.1 0.1 1.53153 -0.172788 18.6485
3 7.5 20.1 0.1 0.301069 -0.141372 21.4058
3 7.5 20.1 0.1 0.562869 -0.141372 27.8094
3 7.5 20.1 0.1 0.824668 -0.141372 24.7773
3 7.5 20.1 0.1 1.08647 -0.141372 20.5591
3 7.5 20.1 0.1 1.34827 -0.141372 18.6545
3 7.5 20.1 0.1 0.14399 -0.109956 9.9475
3 7.5 20.1 0.1 0.405789 -0.109956 22.7245
3 7.5 20.1 0.1 0.667588 -0.109956 28.3977
3 7.5 20.1 0.1 0.929388 -0.109956 21.9417
3 7.5 20.1 0.1 1.19119 -0.109956 18.9283
3 7.5 20.1 0.1 1.45299 -0.109956 17.7035
3 7.5 20.1 0.1 0.274889 -0.0785398 15.0907
3 7.5 20.1 0.1 0.536689 -0.0785398 24.2293
3 7.5 20.1 0.1 0.798488 -0.0785398 23.1172
3 7.5 20.1 0.1 1.06029 -0.0785398 18.9788
3 7.5 20.1 0.1 1.32209 -0.0785398 17.0846
3 7.5 20.1 0.1 0.222529 -0.0471239 1.68004
3 7.5 20.1 0.1 0.484329 -0.0471239 17.8619
3 7.5 20.1 0.1 0.746128 -0.0471239 21.0246
3 7.5 20.1 0.1 1.00793 -0.0471239 16.8749
3 7.5 20.1 0.1 1.26973 -0.0471239 14.9437
3 7.5 20.1 0.1 1.53153 -0.0471239 14.2825
3 7.5 20.1 0.1 0.798488 -0.015708 4.19702
3 7.5 20.1 0.1 1.06029 -0.015708 3.44567
3 7.5 20.1 0.1 1.32209 -0.015708 3.10177
4 -0.1 10 0.1 0.589049 -1.55509 1.50412
4 -0.1 10 0.1 0.850848 -1.55509 12.8115
4 -0.1 10 0.1 1.11265 -1.55509 10.7397
4 -0.1 10 0.1 1.37445 -1.55509 9.82089
4 -0.1 10 0.1 0.274889 -1.52367 6.80893
4 -0.1 10 0.1 0.536689 -1.52367 19.8326
4 -0.1 10 0.1 0.798488 -1.52367 29.1831
4 -0.1 10 0.1 1.06029 -1.52367 23.9587
4 -0.1 10 0.1 1.32209 -1.52367 21.5675
4 -0.1 10 0.1 0.14399 -1.49226 3.23893
4 -0.1 10 0.1 0.405789 -1.49226 20.2859
4 -0.1 10 0.1 0.667588 -1.49226 28.2887
4 -0.1 10 0.1 0.929388 -1.49226 28.9601
4 -0.1 10 0.1 1.19119 -1.49226 24.9829
4 -0.1 10 0.1 1.45299 -1.49226 23.3664
4 -0.1 10 0.1 0.248709 -1.46084 17.5306
4 -0.1 10 0.1 0.510509 -1.46084 25.4303
4 -0.1 10 0.1 0.772308 -1.46084 33.5348
4 -0.1 10 0.1 1.03411 -1.46084 28.2126
4 -0.1 10 0.1 1.29591 -1.46084 25.1919
4 -0.1 10 0.1 1.55771 -1.46084 24.2482
4 -0.1 10 0.1 0.327249 -1.42942 22.1341
4 -0.1 10 0.1 0.589049 -1.42942 28.486
4 -0.1 10 0.1 0.850848 -1.42942 33.1005
4 -0.1 10 0.1 1.11265 -1.42942 27.7478
4 -0.1 10 0.1 1.37445 -1.42942 25.3738
4 -0.1 10 0.1 0.11781 -1.39801 13.5714
4 -0.1 10 0.1 0.379609 -1.39801 24.3716
4 -0.1 10 0.1 0.641408 -1.39801 30.4971
4 -0.1 10 0.1 0.903208 -1.39801 32.2917
4 -0.1 10 0.1 1.16501 -1.39801 27.6007
4 -0.1 10 0.1 1.42681 -1.39801 25.6244
4 -0.1 10 0.1 0.17017 -1.36659 19.1719
4 -0.1 10 0.1 0.431969 -1.36659 26.0591
4 -0.1 10 0.1 0.693768 -1.36659 32.4238
4 -0.1 10 0.1 0.955568 -1.36659 31.5383
4 -0.1 10 0.1 1.21737 -1.36659 27.4523
4 -0.1 10 0.1 1.47917 -1.36659 25.864
4 -0.1 10 0.1 0.222529 -1.33518 22.0264
4 -0.1 10 0.1 0.484329 -1.33518 27.5059
4 -0.1 10 0.1 0.746128 -1.33518 34.4154
4 -0.1 10 0.1 1.00793 -1.33518 30.8821
4 -0.1 10 0.1 1.26973 -1.33518 27.3479
4 -0.1 10 0.1 1.53153 -1.33518 26.138
4 -0.1 10 0.1 0.274889 -1.30376 23.834
4 -0.1 10 0.1 0.536689 -1.30376 28.8711
4 -0.1 10 0.1 0.798488 -1.30376 36.575
4 -0.1 10 0.1 1.06029 -1.30376 30.3376
4 -0.1 10 0.1 1.32209 -1.30376 27.3098
4 -0.1 10 0.1 0.0392699 -1.27235 3.56474
4 -0.1 10 0.1 0.301069 -1.27235 24.709
4 -0.1 10 0.1 0.562869 -1.27235 29.645
4 -0.1 10 0.1 0.824668 -1.27235 36.5295
4 -0.1 10 0.1 1.08647 -1.27235 30.3105
4 -0.1 10 0.1 1.34827 -1.27235 27.5026
4 -0.1 10 0.1 0.0654498 -1.24093 14.0481
4 -0.1 10 0.1 0.327249 -1.24093 25.44
4 -0.1 10 0.1 0.589049 -1.24093 30.3987
4 -0.1 10 0.1 0.850848 -1.24093 36.1673
4 -0.1 10 0.1 1.11265 -1.24093 30.3187
4 -0.1 10 0.1 1.37445 -1.24093 27.7248
4 -0.1 10 0.1 0.0916298 -1.20951 18.4183
4 -0.1 10 0.1 0.353429 -1.20951 26.0798
4 -0.1 10 0.1 0.615229 -1.20951 31.151
4 -0.1 10 0.1 0.877028 -1.20951 35.871
4 -0.1 10 0.1 1.13883 -1.20951 30.3687
4 -0.1 10 0.1 1.40063 -1.20951 27.9833
4 -0.1 10 0.1 0.11781 -1.1781 20.7934
4 -0.1 10 0.1 0.379609 -1.1781 26.6624
4 -0.1 10 0.1 0.641408 -1.1781 31.9158
4 -0.1 10 0.1 0.903208 -1.1781 35.6428
4 -0.1 10 0.1 1.16501 -1.1781 30.4649
4 -0.1 10 0.1 1.42681 -1.1781 28.2836
4 -0.1 10 0.1 0.14399 -1.14668 22.2893
4 -0.1 10 0.1 0.405789 -1.14668 27.2109
4 -0.1 10 0.1 0.667588 -1.14668 32.7042
4 -0.1 10 0.1 0.929388 -1.14668 35.4845
4 -0.1 10 0.1 1.19119 -1.14668 30.6113
4 -0.1 10 0.1 1.45299 -1.14668 28.6305
4 -0.1 10 0.1 0.17017 -1.11527 23.3315
4 -0.1 10 0.1 0.431969 -1.11527 27.7416
4 -0.1 10 0.1 0.693768 -1.11527 33.5254
4 -0.1 10 0.1 0.955568 -1.11527 35.3971
4 -0.1 10 0.1 1.21737 -1.11527 30.8112
4 -0.1 10 0.1 1.47917 -1.11527 29.0285
4 -0.1 10 0.1 0.19635 -1.08385 24.1163
4 -0.1 10 0.1 0.458149 -1.08385 28.2667
4 -0.1 10 0.1 0.719948 -1.08385 34.388
4 -0.1 10 0.1 0.981748 -1.08385 35.3819
4 -0.1 10 0.1 1.24355 -1.08385 31.0678
4 -0.1 10 0.1 1.50535 -1.08385 29.4821
4 -0.1 10 0.1 0.222529 -1.05243 24.7465
4 -0.1 10 0.1 0.484329 -1.05243 28.7952
4 -0.1 10 0.1 0.746128 -1.05243 35.2997
4 -0.1 10 0.1 1.00793 -1.05243 35.4404
4 -0.1 10 0.1 1.26973 -1.05243 31.3846
4 -0.1 10 0.1 1.53153 -1.05243 29.996
4 -0.1 10 0.1 0.248709 -1.02102 25.2808
4 -0.1 10 0.1 0.510509 -1.02102 29.3347
4 -0.1 10 0.1 0.772308 -1.02102 36.2687
4 -0.1 10 0.1 1.03411 -1.02102 35.5743
4 -0.1 10 0.1 1.29591 -1.02102 31.7654
4 -0.1 10 0.1 1.55771 -1.02102 30.5754
4 -0.1 10 0.1 0.274889 -0.989602 25.7555
4 -0.1 10 0.1 0.536689 -0.989602 29.8912
4 -0.1 10 0.1 0.798488 -0.989602 37.3032
4 -0.1 10 0.1 1.06029 -0.989602 35.7861
4 -0.1 10 0.1 1.32209 -0.989602 32.2144
4 -0.1 10 0.1 0.0392699 -0.958186 14.7816
4 -0.1 10 0.1 0.301069 -0.958186 26.194
4 -0.1 10 0.1 0.562869 -0.958186 30.4703
4 -0.1 10 0.1 0.824668 -0.958186 38.4118
4 -0.1 10 0.1 1.08647 -0.958186 36.0788
4 -0.1 10 0.1 1.34827 -0.958186 32.7365
4 -0.1 10 0.1 0.0654498 -0.92677 19.8086
4 -0.1 10 0.1 0.327249 -0.92677 26.6121
4 -0.1 10 0.1 0.589049 -0.92677 31.0769
4 -0.1 10 0.1 0.850848 -0.92677 39.6043
4 -0.1 10 0.1 1.11265 -0.92677 36.4563
4 -0.1 10 0.1 1.37445 -0.92677 33.3373
4 -0.1 10 0.1 0.0916298 -0.895354 21.9796
4 -0.1 10 0.1 0.353429 -0.895354 27.0213
4 -0.1 10 0.1 0.615229 -0.895354 31.7156
4 -0.1 10 0.1 0.877028 -0.895354 40.8913
4 -0.1 10 0.1 1.13883 -0.895354 36.9235
4 -0.1 10 0.1 1.40063 -0.895354 34.0232
4 -0.1 10 0.1 0.11781 -0.863938 23.2134
4 -0.1 10 0.1 0.379609 -0.863938 27.43
4 -0.1 10 0.1 0.641408 -0.863938 32.3912
4 -0.1 10 0.1 0.903208 -0.863938 42.2849
4 -0.1 10 0.1 1.16501 -0.863938 37.486
4 -0.1 10 0.1 1.42681 -0.863938 34.8019
4 -0.1 10 0.1 0.14399 -0.832522 24.033
4 -0.1 10 0.1 0.405789 -0.832522 27.8448
4 -0.1 10 0.1 0.667588 -0.832522 33.1083
4 -0.1 10 0.1 0.929388 -0.832522 43.7989
4 -0.1 10 0.1 1.19119 -0.832522 38.1509
4 -0.1 10 0.1 1.45299 -0.832522 35.6823
4 -0.1 10 0.1 0.17017 -0.801106 24.6398
4 -0.1 10 0.1 0.431969 -0.801106 28.2709
4 -0.1 10 0.1 0.693768 -0.801106 33.8719
4 -0.1 10 0.1 0.955568 -0.801106 44.7207
4 -0.1 10 0.1 1.21737 -0.801106 38.9268
4 -0.1 10 0.1 1.47917 -0.801106 36.6746
4 -0.1 10 0.1 0.19635 -0.76969 25.1277
4 -0.1 10 0.1 0.458149 -0.76969 28.7128
4 -0.1 10 0.1 0.719948 -0.76969 34.6872
4 -0.1 10 0.1 0.981748 -0.76969 45.354
4 -0.1 10 0.1 1.24355 -0.76969 39.8239
4 -0.1 10 0.1 1.50535 -0.76969 37.7914
4 -0.1 10 0.1 0.222529 -0.738274 25.5465
4 -0.1 10 0.1 0.484329 -0.738274 29.1744
4 -0.1 10 0.1 0.746128 -0.738274 35.5599
4 -0.1 10 0.1 1.00793 -0.738274 46.1341
4 -0.1 10 0.1 1.26973 -0.738274 40.8546
4 -0.1 10 0.1 1.53153 -0.738274 39.047
4 -0.1 10 0.1 0.248709 -0.706858 25.9255
4 -0.1 10 0.1 0.510509 -0.706858 29.6594
4 -0.1 10 0.1 0.772308 -0.706858 36.4961
4 -0.1 10 0.1 1.03411 -0.706858 47.0736
4 -0.1 10 0.1 1.29591 -0.706858 42.0335
4 -0.1 10 0.1 1.55771 -0.706858 40.4588
4 -0.1 10 0.1 0.274889 -0.675442 26.2828
4 -0.1 10 0.1 0.536689 -0.675442 30.1711
4 -0.1 10 0.1 0.798488 -0.675442 37.503
4 -0.1 10 0.1 1.06029 -0.675442 48.1882
4 -0.1 10 0.1 1.32209 -0.675442 43.3787
4 -0.1 10 0.1 0.01309 -0.644026 1.18593
4 -0.1 10 0.1 0.274889 -0.644026 26.3129
4 -0.1 10 0.1 0.536689 -0.644026 30.1871
4 -0.1 10 0.1 0.798488 -0.644026 37.5144
4 -0.1 10 0.1 1.06029 -0.644026 50.2058
4 -0.1 10 0.1 1.32209 -0.644026 45.195
4 -0.1 10 0.1 0.01309 -0.612611 1.7573
4 -0.1 10 0.1 0.274889 -0.612611 26.3405
4 -0.1 10 0.1 0.536689 -0.612611 30.2017
4 -0.1 10 0.1 0.798488 -0.612611 37.5248
4 -0.1 10 0.1 1.06029 -0.612611 52.4503
4 -0.1 10 0.1 1.32209 -0.612611 47.2154
4 -0.1 10 0.1 0.01309 -0.581195 2.28008
4 -0.1 10 0.1 0.274889 -0.581195 26.3657
4 -0.1 10 0.1 0.536689 -0.581195 30.2151
4 -0.1 10 0.1 0.798488 -0.581195 37.5344
4 -0.1 10 0.1 1.06029 -0.581195 53.8708
4 -0.1 10 0.1 1.32209 -0.581195 49.0686
4 -0.1 10 0.1 0.01309 -0.549779 2.75827
4 -0.1 10 0.1 0.274889 -0.549779 26.3887
4 -0.1 10 0.1 0.536689 -0.549779 30.2274
4 -0.1 10 0.1 0.798488 -0.549779 37.5431
4 -0.1 10 0.1 1.06029 -0.549779 53.4328
4 -0.1 10 0.1 1.32209 -0.549779 48.0999
4 -0.1 10 0.1 0.01309 -0.518363 3.19539
4 -0.1 10 0.1 0.274889 -0.518363 26.4098
4 -0.1 10 0.1 0.536689 -0.518363 30.2386
4 -0.1 10 0.1 0.798488 -0.518363 37.5511
4 -0.1 10 0.1 1.06029 -0.518363 52.4491
4 -0.1 10 0.1 1.32209 -0.518363 47.2144
4 -0.1 10 0.1 0.01309 -0.486947 3.59451
4 -0.1 10 0.1 0.274889 -0.486947 26.4291
4 -0.1 10 0.1 0.536689 -0.486947 30.2488
4 -0.1 10 0.1 0.798488 -0.486947 37.5584
4 -0.1 10 0.1 1.06029 -0.486947 51.5509
4 -0.1 10 0.1 1.32209 -0.486947 46.4059
4 -0.1 10 0.1 0.01309 -0.455531 3.95832
4 -0.1 10 0.1 0.274889 -0.455531 26.4466
4 -0.1 10 0.1 0.536689 -0.455531 30.2581
4 -0.1 10 0.1 0.798488 -0.455531 37.5651
4 -0.1 10 0.1 1.06029 -0.455531 50.7322
4 -0.1 10 0.1 1.32209 -0.455531 45.6689
4 -0.1 10 0.1 0.01309 -0.424115 4.28918
4 -0.1 10 0.1 0.274889 -0.424115 26.4626
4 -0.1 10 0.1 0.536689 -0.424115 30.2666
4 -0.1 10 0.1 0.798488 -0.424115 37.5711
4 -0.1 10 0.1 1.06029 -0.424115 49.9877
4 -0.1 10 0.1 1.32209 -0.424115 44.9986
4 -0.1 10 0.1 0.01309 -0.392699 4.58915
4 -0.1 10 0.1 0.274889 -0.392699 26.477
4 -0.1 10 0.1 0.536689 -0.392699 30.2742
4 -0.1 10 0.1 0.798488 -0.392699 37.5766
4 -0.1 10 0.1 1.06029 -0.392699 49.3127
4 -0.1 10 0.1 1.32209 -0.392699 44.391
4 -0.1 10 0.1 0.01309 -0.361283 4.86005
4 -0.1 10 0.1 0.274889 -0.361283 26.4901
4 -0.1 10 0.1 0.536689 -0.361283 30.2812
4 -0.1 10 0.1 0.798488 -0.361283 37.5815
4 -0.1 10 0.1 1.06029 -0.361283 48.703
4 -0.1 10 0.1 1.32209 -0.361283 43.8422
4 -0.1 10 0.1 0.01309 -0.329867 5.10347
4 -0.1 10 0.1 0.274889 -0.329867 26.5018
4 -0.1 10 0.1 0.536689 -0.329867 30.2874
4 -0.1 10 0.1 0.798488 -0.329867 37.586
4 -0.1 10 0.1 1.06029 -0.329867 48.1552
4 -0.1 10 0.1 1.32209 -0.329867 43.349
4 -0.1 10 0.1 0.01309 -0.298451 5.32081
4 -0.1 10 0.1 0.274889 -0.298451 26.5123
4 -0.1 10 0.1 0.536689 -0.298451 30.293
4 -0.1 10 0.1 0.798488 -0.298451 37.5899
4 -0.1 10 0.1 1.06029 -0.298451 47.6661
4 -0.1 10 0.1 1.32209 -0.298451 42.9088
4 -0.1 10 0.1 0.01309 -0.267035 5.51328
4 -0.1 10 0.1 0.274889 -0.267035 26.5216
4 -0.1 10 0.1 0.536689 -0.267035 30.2979
4 -0.1 10 0.1 0.798488 -0.267035 37.5935
4 -0.1 10 0.1 1.06029 -0.267035 47.233
4 -0.1 10 0.1 1.32209 -0.267035 42.5189
4 -0.1 10 0.1 0.01309 -0.235619 5.68192
4 -0.1 10 0.1 0.274889 -0.235619 26.5297
4 -0.1 10 0.1 0.536689 -0.235619 30.3022
4 -0.1 10 0.1 0.798488 -0.235619 37.5965
4 -0.1 10 0.1 1.06029 -0.235619 46.8535
4 -0.1 10 0.1 1.32209 -0.235619 42.1773
4 -0.1 10 0.1 0.01309 -0.204204 5.82762
4 -0.1 10 0.1 0.274889 -0.204204 26.5368
4 -0.1 10 0.1 0.536689 -0.204204 30.3059
4 -0.1 10 0.1 0.798488 -0.204204 37.5992
4 -0.1 10 0.1 1.06029 -0.204204 46.1014
4 -0.1 10 0.1 1.32209 -0.204204 41.8821
4 -0.1 10 0.1 0.01309 -0.172788 5.95116
4 -0.1 10 0.1 0.274889 -0.172788 26.5427
4 -0.1 10 0.1 0.536689 -0.172788 30.3091
4 -0.1 10 0.1 0.798488 -0.172788 37.6015
4 -0.1 10 0.1 1.06029 -0.172788 44.4632
4 -0.1 10 0.1 1.32209 -0.172788 41.6318
4 -0.1 10 0.1 0.01309 -0.141372 6.05318
4 -0.1 10 0.1 0.274889 -0.141372 26.5476
4 -0.1 10 0.1 0.536689 -0.141372 30.3117
4 -0.1 10 0.1 0.798488 -0.141372 37.6033
4 -0.1 10 0.1 1.06029 -0.141372 43.7606
4 -0.1 10 0.1 1.32209 -0.141372 41.4252
4 -0.1 10 0.1 0.01309 -0.109956 6.13418
4 -0.1 10 0.1 0.274889 -0.109956 26.5515
4 -0.1 10 0.1 0.536689 -0.109956 30.3138
4 -0.1 10 0.1 0.798488 -0.109956 37.6048
4 -0.1 10 0.1 1.06029 -0.109956 43.5872
4 -0.1 10 0.1 1.32209 -0.109956 41.2611
4 -0.1 10 0.1 0.01309 -0.0785398 6.19458
4 -0.1 10 0.1 0.274889 -0.0785398 26.5545
4 -0.1 10 0.1 0.536689 -0.0785398 30.3153
4 -0.1 10 0.1 0.798488 -0.0785398 37.6059
4 -0.1 10 0.1 1.06029 -0.0785398 43.4579
4 -0.1 10 0.1 1.32209 -0.0785398 41.1387
4 -0.1 10 0.1 0.01309 -0.0471239 6.23468
4 -0.1 10 0.1 0.274889 -0.0471239 26.5564
4 -0.1 10 0.1 0.536689 -0.0471239 30.3164
4 -0.1 10 0.1 0.798488 -0.0471239 37.6066
4 -0.1 10 0.1 1.06029 -0.0471239 43.3721
4 -0.1 10 0.1 1.32209 -0.0471239 41.0575
4 -0.1 10 0.1 0.01309 -0.015708 6.25469
4 -0.1 10 0.1 0.274889 -0.015708 26.5574
4 -0.1 10 0.1 0.536689 -0.015708 30.3169
4 -0.1 10 0.1 0.798488 -0.015708 37.607
4 -0.1 10 0.1 1.06029 -0.015708 43.3293
4 -0.1 10 0.1 1.32209 -0.015708 41.017
4 -0.1 10 0.1 0.01309 0.015708 6.25469
4 -0.1 10 0.1 0.274889 0.015708 26.5574
4 -0.1 10 0.1 0.536689 0.015708 30.3169
4 -0.1 10 0.1 0.798488 0.015708 37.607
4 -0.1 10 0.1 1.06029 0.015708 43.3293
4 -0.1 10 0.1 1.32209 0.015708 41.017
4 -0.1 10 0.1 0.01309 0.0471239 6.23468
4 -0.1 10 0.1 0.274889 0.0471239 26.5564
4 -0.1 10 0.1 0.536689 0.0471239 30.3164
4 -0.1 10 0.1 0.798488 0.0471239 37.6066
4 -0.1 10 0.1 1.06029 0.0471239 43.3721
4 -0.1 10 0.1 1.32209 0.0471239 41.0575
4 -0.1 10 0.1 0.01309 0.0785398 6.19458
4 -0.1 10 0.1 0.274889 0.0785398 26.5545
4 -0.1 10 0.1 0.536689 0.0785398 30.3153
4 -0.1 10 0.1 0.798488 0.0785398 37.6059
4 -0.1 10 0.1 1.06029 0.0785398 43.4579
4 -0.1 10 0.1 1.32209 0.0785398 41.1387
4 -0.1 10 0.1 0.01309 0.109956 6.13418
4 -0.1 10 0.1 0.274889 0.109956 26.5515
4 -0.1 10 0.1 0.536689 0.109956 30.3138
4 -0.1 10 0.1 0.798488 0.109956 37.6048
4 -0.1 10 0.1 1.06029 0.109956 43.5872
4 -0.1 10 0.1 1.32209 0.109956 41.2611
4 -0.1 10 0.1 0.01309 0.141372 6.05318
4 -0.1 10 0.1 0.274889 0.141372 26.5476
4 -0.1 10 0.1 0.536689 0.141372 30.3117
4 -0.1 10 0.1 0.798488 0.141372 37.6033
4 -0.1 10 0.1 1.06029 0.141372 43.7606
4 -0.1 10 0.1 1.32209 0.141372 41.4252
4 -0.1 10 0.1 0.01309 0.172788 5.95116
4 -0.1 10 0.1 0.274889 0.172788 26.5427
4 -0.1 10 0.1 0.536689 0.172788 30.3091
4 -0.1 10 0.1 0.798488 0.172788 37.6015
4 -0.1 10 0.1 1.06029 0.172788 44.4632
4 -0.1 10 0.1 1.32209 0.172788 41.6318
4 -0.1 10 0.1 0.01309 0.204204 5.82762
4 -0.1 10 0.1 0.274889 0.204204 26.5368
4 -0.1 10 0.1 0.536689 0.204204 30.3059
4 -0.1 10 0.1 0.798488 0.204204 37.5992
4 -0.1 10 0.1 1.06029 0.204204 46.1014
4 -0.1 10 0.1 1.32209 0.204204 41.8821
4 -0.1 10 0.1 0.01309 0.235619 5.68192
4 -0.1 10 0.1 0.274889 0.235619 26.5297
4 -0.1 10 0.1 0.536689 0.235619 30.3022
4 -0.1 10 0.1 0.798488 0.235619 37.5965
4 -0.1 10 0.1 1.06029 0.235619 46.8535
4 -0.1 10 0.1 1.32209 0.235619 42.1773
4 -0.1 10 0.1 0.01309 0.267035 5.51328
4 -0.1 10 0.1 0.274889 0.267035 26.5216
4 -0.1 10 0.1 0.536689 0.267035 30.2979
4 -0.1 10 0.1 0.798488 0.267035 37.5935
4 -0.1 10 0.1 1.06029 0.267035 47.233
4 -0.1 10 0.1 1.32209 0.267035 42.5189
4 -0.1 10 0.1 0.01309 0.298451 5.32081
4 -0.1 10 0.1 0.274889 0.298451 26.5123
4 -0.1 10 0.1 0.536689 0.298451 30.293
4 -0.1 10 0.1 0.798488 0.298451 37.5899
4 -0.1 10 0.1 1.06029 0.298451 47.6661
4 -0.1 10 0.1 1.32209 0.298451 42.9088
4 -0.1 10 0.1 0.01309 0.329867 5.10347
4 -0.1 10 0.1 0.274889 0.329867 26.5018
4 -0.1 10 0.1 0.536689 0.329867 30.2874
4 -0.1 10 0.1 0.798488 0.329867 37.586
4 -0.1 10 0.1 1.06029 0.329867 48.1552
4 -0.1 10 0.1 1.32209 0.329867 43.349
4 -0.1 10 0.1 0.01309 0.361283 4.86005
4 -0.1 10 0.1 0.274889 0.361283 26.4901
4 -0.1 10 0.1 0.536689 0.361283 30.2812
4 -0.1 10 0.1 0.798488 0.361283 37.5815
4 -0.1 10 0.1 1.06029 0.361283 48.703
4 -0.1 10 0.1 1.32209 0.361283 43.8422
4 -0.1 10 0.1 0.01309 0.392699 4.58915
4 -0.1 10 0.1 0.274889 0.392699 26.477
4 -0.1 10 0.1 0.536689 0.392699 30.2742
4 -0.1 10 0.1 0.798488 0.392699 37.5766
4 -0.1 10 0.1 1.06029 0.392699 49.3127
4 -0.1 10 0.1 1.32209 0.392699 44.391
4 -0.1 10 0.1 0.01309 0.424115 4.28918
4 -0.1 10 0.1 0.274889 0.424115 26.4626
4 -0.1 10 0.1 0.536689 0.424115 30.2666
4 -0.1 10 0.1 0.798488 0.424115 37.5711
4 -0.1 10 0.1 1.06029 0.424115 49.9877
4 -0.1 10 0.1 1.32209 0.424115 44.9986
4 -0.1 10 0.1 0.01309 0.455531 3.95832
4 -0.1 10 0.1 0.274889 0.455531 26.4466
4 -0.1 10 0.1 0.536689 0.455531 30.2581
4 -0.1 10 0.1 0.798488 0.455531 37.5651
4 -0.1 10 0.1 1.06029 0.455531 50.7322
4 -0.1 10 0.1 1.32209 0.455531 45.6689
4 -0.1 10 0.1 0.01309 0.486947 3.59451
4 -0.1 10 0.1 0.274889 0.486947 26.4291
4 -0.1 10 0.1 0.536689 0.486947 30.2488
4 -0.1 10 0.1 0.798488 0.486947 37.5584
4 -0.1 10 0.1 1.06029 0.486947 51.5509
4 -0.1 10 0.1 1.32209 0.486947 46.4059
4 -0.1 10 0.1 0.01309 0.518363 3.19539
4 -0.1 10 0.1 0.274889 0.518363 26.4098
4 -0.1 10 0.1 0.536689 0.518363 30.2386
4 -0.1 10 0.1 0.798488 0.518363 37.5511
4 -0.1 10 0.1 1.06029 0.518363 52.4491
4 -0.1 10 0.1 1.32209 0.518363 47.2144
4 -0.1 10 0.1 0.01309 0.549779 2.75827
4 -0.1 10 0.1 0.274889 0.549779 26.3887
4 -0.1 10 0.1 0.536689 0.549779 30.2274
4 -0.1 10 0.1 0.798488 0.549779 37.5431
4 -0.1 10 0.1 1.06029 0.549779 53.4328
4 -0.1 10 0.1 1.32209 0.549779 48.0999
4 -0.1 10 0.1 0.01309 0.581195 2.28008
4 -0.1 10 0.1 0.274889 0.581195 26.3657
4 -0.1 10 0.1 0.536689 0.581195 30.2151
4 -0.1 10 0.1 0.798488 0.581195 37.5344
4 -0.1 10 0.1 1.06029 0.581195 53.8708
4 -0.1 10 0.1 1.32209 0.581195 49.0686
4 -0.1 10 0.1 0.01309 0.612611 1.7573
4 -0.1 10 0.1 0.274889 0.612611 26.3405
4 -0.1 10 0.1 0.536689 0.612611 30.2017
4 -0.1 10 0.1 0.798488 0.612611 37.5248
4 -0.1 10 0.1 1.06029 0.612611 52.4503
4 -0.1 10 0.1 1.32209 0.612611 47.2154
4 -0.1 10 0.1 0.01309 0.644026 1.18593
4 -0.1 10 0.1 0.274889 0.644026 26.3129
4 -0.1 10 0.1 0.536689 0.644026 30.1871
4 -0.1 10 0.1 0.798488 0.644026 37.5144
4 -0.1 10 0.1 1.06029 0.644026 50.2058
4 -0.1 10 0.1 1.32209 0.644026 45.195
4 -0.1 10 0.1 0.0392699 0.675442 17.8715
4 -0.1 10 0.1 0.301069 0.675442 26.6031
4 -0.1 10 0.1 0.562869 0.675442 30.6976
4 -0.1 10 0.1 0.824668 0.675442 38.577
4 -0.1 10 0.1 1.08647 0.675442 47.508
4 -0.1 10 0.1 1.34827 0.675442 43.1069
4 -0.1 10 0.1 0.0654498 0.706858 21.2284
4 -0.1 10 0.1 0.327249 0.706858 26.901
4 -0.1 10 0.1 0.589049 0.706858 31.244
4 -0.1 10 0.1 0.850848 0.706858 39.7278
4 -0.1 10 0.1 1.11265 0.706858 45.1072
4 -0.1 10 0.1 1.37445 0.706858 41.248
4 -0.1 10 0.1 0.0916298 0.738274 22.696
4 -0.1 10 0.1 0.353429 0.738274 27.2107
4 -0.1 10 0.1 0.615229 0.738274 31.8292
4 -0.1 10 0.1 0.877028 0.738274 40.9766
4 -0.1 10 0.1 1.13883 0.738274 42.9634
4 -0.1 10 0.1 1.40063 0.738274 39.5887
4 -0.1 10 0.1 0.11781 0.76969 23.5454
4 -0.1 10 0.1 0.379609 0.76969 27.5353
4 -0.1 10 0.1 0.641408 0.76969 32.4564
4 -0.1 10 0.1 0.903208 0.76969 42.3346
4 -0.1 10 0.1 1.16501 0.76969 41.0436
4 -0.1 10 0.1 1.42681 0.76969 38.1048
4 -0.1 10 0.1 0.14399 0.801106 24.1233
4 -0.1 10 0.1 0.405789 0.801106 27.8776
4 -0.1 10 0.1 0.667588 0.801106 33.1293
4 -0.1 10 0.1 0.929388 0.801106 43.8151
4 -0.1 10 0.1 1.19119 0.801106 39.32
4 -0.1 10 0.1 1.45299 0.801106 36.7757
4 -0.1 10 0.1 0.17017 0.832522 24.5633
4 -0.1 10 0.1 0.431969 0.832522 28.2399
4 -0.1 10 0.1 0.693768 0.832522 33.8516
4 -0.1 10 0.1 0.955568 0.832522 43.391
4 -0.1 10 0.1 1.21737 0.832522 37.7694
4 -0.1 10 0.1 1.47917 0.832522 35.5842
4 -0.1 10 0.1 0.19635 0.863938 24.9276
4 -0.1 10 0.1 0.458149 0.863938 28.6246
4 -0.1 10 0.1 0.719948 0.863938 34.628
4 -0.1 10 0.1 0.981748 0.863938 41.4228
4 -0.1 10 0.1 1.24355 0.863938 36.372
4 -0.1 10 0.1 1.50535 0.863938 34.5157
4 -0.1 10 0.1 0.222529 0.895354 25.2495
4 -0.1 10 0.1 0.484329 0.895354 29.0336
4 -0.1 10 0.1 0.746128 0.895354 35.4633
4 -0.1 10 0.1 1.00793 0.895354 39.6484
4 -0.1 10 0.1 1.26973 0.895354 35.1111
4 -0.1 10 0.1 1.53153 0.895354 33.5577
4 -0.1 10 0.1 0.248709 0.92677 25.5482
4 -0.1 10 0.1 0.510509 0.92677 29.4694
4 -0.1 10 0.1 0.772308 0.92677 36.3631
4 -0.1 10 0.1 1.03411 0.92677 38.0457
4 -0.1 10 0.1 1.29591 0.92677 33.9722
4 -0.1 10 0.1 1.55771 0.92677 32.6995
4 -0.1 10 0.1 0.274889 0.958186 25.8359
4 -0.1 10 0.1 0.536689 0.958186 29.9339
4 -0.1 10 0.1 0.798488 0.958186 37.3336
4 -0.1 10 0.1 1.06029 0.958186 36.5953
4 -0.1 10 0.1 1.32209 0.958186 32.9429
4 -0.1 10 0.1 0.0392699 0.989602 14.226
4 -0.1 10 0.1 0.301069 0.989602 26.1204
4 -0.1 10 0.1 0.562869 0.989602 30.4294
4 -0.1 10 0.1 0.824668 0.989602 38.3821
4 -0.1 10 0.1 1.08647 0.989602 35.2809
4 -0.1 10 0.1 1.34827 0.989602 32.0126
4 -0.1 10 0.1 0.0654498 1.02102 18.8022
4 -0.1 10 0.1 0.327249 1.02102 26.4073
4 -0.1 10 0.1 0.589049 1.02102 30.9584
4 -0.1 10 0.1 0.850848 1.02102 39.5168
4 -0.1 10 0.1 1.11265 1.02102 34.0882
4 -0.1 10 0.1 1.37445 1.02102 31.1717
4 -0.1 10 0.1 0.0916298 1.05243 20.7663
4 -0.1 10 0.1 0.353429 1.05243 26.7005
4 -0.1 10 0.1 0.615229 1.05243 31.5232
4 -0.1 10 0.1 0.877028 1.05243 38.9845
4 -0.1 10 0.1 1.13883 1.05243 33.0046
4 -0.1 10 0.1 1.40063 1.05243 30.4122
4 -0.1 10 0.1 0.11781 1.08385 21.8667
4 -0.1 10 0.1 0.379609 1.08385 27.0028
4 -0.1 10 0.1 0.641408 1.08385 32.1266
4 -0.1 10 0.1 0.903208 1.08385 37.4613
4 -0.1 10 0.1 1.16501 1.08385 32.0192
4 -0.1 10 0.1 1.42681 1.08385 29.7266
4 -0.1 10 0.1 0.14399 1.11527 22.5793
4 -0.1 10 0.1 0.405789 1.11527 27.3163
4 -0.1 10 0.1 0.667588 1.11527 32.7714
4 -0.1 10 0.1 0.929388 1.11527 36.0769
4 -0.1 10 0.1 1.19119 1.11527 31.1224
4 -0.1 10 0.1 1.45299 1.11527 29.1085
4 -0.1 10 0.1 0.17017 1.14668 23.0858
4 -0.1 10 0.1 0.431969 1.14668 27.6423
4 -0.1 10 0.1 0.693768 1.14668 33.4604
4 -0.1 10 0.1 0.955568 1.14668 34.8159
4 -0.1 10 0.1 1.21737 1.14668 30.3052
4 -0.1 10 0.1 1.47917 1.14668 28.5519
4 -0.1 10 0.1 0.19635 1.1781 23.4696
4 -0.1 10 0.1 0.458149 1.1781 27.9814
4 -0.1 10 0.1 0.719948 1.1781 34.1966
4 -0.1 10 0.1 0.981748 1.1781 33.6644
4 -0.1 10 0.1 1.24355 1.1781 29.5596
4 -0.1 10 0.1 1.50535 1.1781 28.051
4 -0.1 10 0.1 0.222529 1.20951 23.773
4 -0.1 10 0.1 0.484329 1.20951 28.3338
4 -0.1 10 0.1 0.746128 1.20951 34.9832
4 -0.1 10 0.1 1.00793 1.20951 32.6099
4 -0.1 10 0.1 1.26973 1.20951 28.878
4 -0.1 10 0.1 1.53153 1.20951 27.6004
4 -0.1 10 0.1 0.248709 1.24093 24.0177
4 -0.1 10 0.1 0.510509 1.24093 28.6983
4 -0.1 10 0.1 0.772308 1.24093 35.8231
4 -0.1 10 0.1 1.03411 1.24093 31.6405
4 -0.1 10 0.1 1.29591 1.24093 28.2528
4 -0.1 10 0.1 1.55771 1.24093 27.1944
4 -0.1 10 0.1 0.274889 1.27235 24.2135
4 -0.1 10 0.1 0.536689 1.27235 29.0726
4 -0.1 10 0.1 0.798488 1.27235 36.7188
4 -0.1 10 0.1 1.06029 1.27235 30.7445
4 -0.1 10 0.1 1.32209 1.27235 27.676
4 -0.1 10 0.1 0.0654498 1.30376 11.2018
4 -0.1 10 0.1 0.327249 1.30376 24.8609
4 -0.1 10 0.1 0.589049 1.30376 30.0636
4 -0.1 10 0.1 0.850848 1.30376 35.2063
4 -0.1 10 0.1 1.11265 1.30376 29.5131
4 -0.1 10 0.1 1.37445 1.30376 26.988
4 -0.1 10 0.1 0.11781 1.33518 17.027
4 -0.1 10 0.1 0.379609 1.33518 25.4677
4 -0.1 10 0.1 0.641408 1.33518 31.1759
4 -0.1 10 0.1 0.903208 1.33518 33.2577
4 -0.1 10 0.1 1.16501 1.33518 28.4263
4 -0.1 10 0.1 1.42681 1.33518 26.3909
4 -0.1 10 0.1 0.17017 1.36659 19.1719
4 -0.1 10 0.1 0.431969 1.36659 26.0591
4 -0.1 10 0.1 0.693768 1.36659 32.4238
4 -0.1 10 0.1 0.955568 1.36659 31.5383
4 -0.1 10 0.1 1.21737 1.36659 27.4523
4 -0.1 10 0.1 1.47917 1.36659 25.864
4 -0.1 10 0.1 0.222529 1.39801 20.186
4 -0.1 10 0.1 0.484329 1.39801 26.6336
4 -0.1 10 0.1 0.746128 1.39801 33.817
4 -0.1 10 0.1 1.00793 1.39801 29.9851
4 -0.1 10 0.1 1.26973 1.39801 26.5536
4 -0.1 10 0.1 1.53153 1.39801 25.3788
4 -0.1 10 0.1 0.301069 1.42942 21.4058
4 -0.1 10 0.1 0.562869 1.42942 27.8094
4 -0.1 10 0.1 0.824668 1.42942 33.8901
4 -0.1 10 0.1 1.08647 1.42942 28.1205
4 -0.1 10 0.1 1.34827 1.42942 25.5154
4 -0.1 10 0.1 0.14399 1.46084 9.94751
4 -0.1 10 0.1 0.405789 1.46084 22.7245
4 -0.1 10 0.1 0.667588 1.46084 29.8436
4 -0.1 10 0.1 0.929388 1.46084 30.2602
4 -0.1 10 0.1 1.19119 1.46084 26.1045
4 -0.1 10 0.1 1.45299 1.46084 24.4153
4 -0.1 10 0.1 0.274889 1.49226 15.0907
4 -0.1 10 0.1 0.536689 1.49226 24.2293
4 -0.1 10 0.1 0.798488 1.49226 32.3947
4 -0.1 10 0.1 1.06029 1.49226 26.5954
4 -0.1 10 0.1 1.32209 1.49226 23.941
4 -0.1 10 0.1 0.222529 1.52367 1.68006
4 -0.1 10 0.1 0.484329 1.52367 17.8619
4 -0.1 10 0.1 0.746128 1.52367 27.8002
4 -0.1 10 0.1 1.00793 1.52367 24.7171
4 -0.1 10 0.1 1.26973 1.52367 21.8884
4 -0.1 10 0.1 1.53153 1.52367 20.92
4 -0.1 10 0.1 0.798488 1.55509 13.4471
4 -0.1 10 0.1 1.06029 1.55509 11.0398
4 -0.1 10 0.1 1.32209 1.55509 9.93796
