2144
1 7.5 -0 0.1 0.01309 0.0157064 26.2372
1 7.5 -0 0.1 0.301069 0.0157064 27.4706
1 7.5 -0 0.1 0.589049 0.0157064 31.5526
1 7.5 -0 0.1 0.877028 0.0157064 25.8538
1 7.5 -0 0.1 1.16501 0.0157064 21.6344
1 7.5 -0 0.1 1.45299 0.0157064 20.0162
1 7.5 -0 0.1 0.17017 0.0471264 26.6195
1 7.5 -0 0.1 0.458149 0.0471264 29.2516
1 7.5 -0 0.1 0.746128 0.0471264 29.3121
1 7.5 -0 0.1 1.03411 0.0471264 23.1521
1 7.5 -0 0.1 1.32209 0.0471264 20.5287
1 7.5 -0 0.1 0.0392699 0.0785363 26.2552
1 7.5 -0 0.1 0.327249 0.0785363 27.7053
1 7.5 -0 0.1 0.615229 0.0785363 32.1255
1 7.5 -0 0.1 0.903208 0.0785363 25.3865
1 7.5 -0 0.1 1.19119 0.0785363 21.4645
1 7.5 -0 0.1 1.47917 0.0785363 20.0204
1 7.5 -0 0.1 0.19635 0.109956 26.749
1 7.5 -0 0.1 0.484329 0.109956 29.6445
1 7.5 -0 0.1 0.772308 0.109956 28.6558
1 7.5 -0 0.1 1.06029 0.109956 22.9179
1 7.5 -0 0.1 1.34827 0.109956 20.5013
1 7.5 -0 0.1 0.0654498 0.141376 26.2913
1 7.5 -0 0.1 0.353429 0.141376 27.9634
1 7.5 -0 0.1 0.641408 0.141376 32.7424
1 7.5 -0 0.1 0.929388 0.141376 25.0548
1 7.5 -0 0.1 1.21737 0.141376 21.3979
1 7.5 -0 0.1 1.50535 0.141376 20.1184
1 7.5 -0 0.1 0.222529 0.172786 26.8982
1 7.5 -0 0.1 0.510509 0.172786 30.0689
1 7.5 -0 0.1 0.798488 0.172786 28.1661
1 7.5 -0 0.1 1.08647 0.172786 22.7974
1 7.5 -0 0.1 1.37445 0.172786 20.5707
1 7.5 -0 0.1 0.0916298 0.204206 26.3455
1 7.5 -0 0.1 0.379609 0.204206 28.2458
1 7.5 -0 0.1 0.667588 0.204206 32.7845
1 7.5 -0 0.1 0.955568 0.204206 24.8539
1 7.5 -0 0.1 1.24355 0.204206 21.4342
1 7.5 -0 0.1 1.53153 0.204206 20.3124
1 7.5 -0 0.1 0.248709 0.235616 27.0679
1 7.5 -0 0.1 0.536689 0.235616 30.5269
1 7.5 -0 0.1 0.824668 0.235616 27.8348
1 7.5 -0 0.1 1.11265 0.235616 22.79
1 7.5 -0 0.1 1.40063 0.235616 20.7393
1 7.5 -0 0.1 0.11781 0.267036 26.4181
1 7.5 -0 0.1 0.405789 0.267036 28.5538
1 7.5 -0 0.1 0.693768 0.267036 32.224
1 7.5 -0 0.1 0.981748 0.267036 24.7818
1 7.5 -0 0.1 1.26973 0.267036 21.5758
1 7.5 -0 0.1 1.55771 0.267036 20.6071
1 7.5 -0 0.1 0.274889 0.298446 27.2584
1 7.5 -0 0.1 0.562869 0.298446 31.0206
1 7.5 -0 0.1 0.850848 0.298446 27.6578
1 7.5 -0 0.1 1.13883 0.298446 22.8975
1 7.5 -0 0.1 1.42681 0.298446 21.0117
1 7.5 -0 0.1 0.14399 0.329866 26.5093
1 7.5 -0 0.1 0.431969 0.329866 28.8886
1 7.5 -0 0.1 0.719948 0.329866 31.8613
1 7.5 -0 0.1 1.00793 0.329866 24.8397
1 7.5 -0 0.1 1.29591 0.329866 21.8271
1 7.5 -0 0.1 0.01309 0.361286 26.2372
1 7.5 -0 0.1 0.301069 0.361286 27.4706
1 7.5 -0 0.1 0.589049 0.361286 31.5526
1 7.5 -0 0.1 0.877028 0.361286 27.6345
1 7.5 -0 0.1 1.16501 0.361286 23.1245
1 7.5 -0 0.1 1.45299 0.361286 21.3949
1 7.5 -0 0.1 0.17017 0.392696 26.6195
1 7.5 -0 0.1 0.458149 0.392696 29.2516
1 7.5 -0 0.1 0.746128 0.392696 31.692
1 7.5 -0 0.1 1.03411 0.392696 25.0319
1 7.5 -0 0.1 1.32209 0.392696 22.1955
1 7.5 -0 0.1 0.0392699 0.424116 26.2552
1 7.5 -0 0.1 0.327249 0.424116 27.7053
1 7.5 -0 0.1 0.615229 0.424116 32.1255
1 7.5 -0 0.1 0.903208 0.424116 27.7684
1 7.5 -0 0.1 1.19119 0.424116 23.4785
1 7.5 -0 0.1 1.47917 0.424116 21.8989
1 7.5 -0 0.1 0.19635 0.455526 26.749
1 7.5 -0 0.1 0.484329 0.455526 29.6445
1 7.5 -0 0.1 0.772308 0.455526 31.717
1 7.5 -0 0.1 1.06029 0.455526 25.3661
1 7.5 -0 0.1 1.34827 0.455526 22.6914
1 7.5 -0 0.1 0.0654498 0.486946 26.2913
1 7.5 -0 0.1 0.353429 0.486946 27.9634
1 7.5 -0 0.1 0.641408 0.486946 32.7424
1 7.5 -0 0.1 0.929388 0.486946 28.0673
1 7.5 -0 0.1 1.21737 0.486946 23.9706
1 7.5 -0 0.1 1.50535 0.486946 22.5372
1 7.5 -0 0.1 0.222529 0.518366 26.8982
1 7.5 -0 0.1 0.510509 0.518366 30.0689
1 7.5 -0 0.1 0.798488 0.518366 31.943
1 7.5 -0 0.1 1.08647 0.518366 25.8544
1 7.5 -0 0.1 1.37445 0.518366 23.3291
1 7.5 -0 0.1 0.0916298 0.549776 26.3455
1 7.5 -0 0.1 0.379609 0.549776 28.2458
1 7.5 -0 0.1 0.667588 0.549776 33.4069
1 7.5 -0 0.1 0.955568 0.549776 28.5437
1 7.5 -0 0.1 1.24355 0.549776 24.6163
1 7.5 -0 0.1 1.53153 0.549776 23.3279
1 7.5 -0 0.1 0.248709 0.581194 27.0679
1 7.5 -0 0.1 0.536689 0.581194 30.5269
1 7.5 -0 0.1 0.824668 0.581194 32.3828
1 7.5 -0 0.1 1.11265 0.581194 26.5137
1 7.5 -0 0.1 1.40063 0.581194 24.1279
1 7.5 -0 0.1 0.11781 0.61261 26.4181
1 7.5 -0 0.1 0.405789 0.61261 28.5538
1 7.5 -0 0.1 0.693768 0.61261 34.1228
1 7.5 -0 0.1 0.981748 0.61261 29.2165
1 7.5 -0 0.1 1.26973 0.61261 25.4368
1 7.5 -0 0.1 1.55771 0.61261 24.2947
1 7.5 -0 0.1 0.274889 0.644026 27.2584
1 7.5 -0 0.1 0.562869 0.644026 31.0206
1 7.5 -0 0.1 0.850848 0.644026 33.057
1 7.5 -0 0.1 1.13883 0.644026 27.3674
1 7.5 -0 0.1 1.42681 0.644026 25.1134
1 7.5 -0 0.1 0.14399 0.675442 26.5093
1 7.5 -0 0.1 0.431969 0.675442 28.8886
1 7.5 -0 0.1 0.719948 0.675442 34.8944
1 7.5 -0 0.1 1.00793 0.675442 30.1122
1 7.5 -0 0.1 1.29591 0.675442 26.4602
1 7.5 -0 0.1 0.01309 0.706858 26.2372
1 7.5 -0 0.1 0.301069 0.706858 27.4706
1 7.5 -0 0.1 0.589049 0.706858 31.5526
1 7.5 -0 0.1 0.877028 0.706858 33.9957
1 7.5 -0 0.1 1.16501 0.706858 28.4475
1 7.5 -0 0.1 1.45299 0.706858 26.3198
1 7.5 -0 0.1 0.17017 0.738274 26.6195
1 7.5 -0 0.1 0.458149 0.738274 29.2516
1 7.5 -0 0.1 0.746128 0.738274 35.7268
1 7.5 -0 0.1 1.03411 0.738274 31.2675
1 7.5 -0 0.1 1.32209 0.738274 27.7246
1 7.5 -0 0.1 0.0392699 0.76969 26.2552
1 7.5 -0 0.1 0.327249 0.76969 27.7053
1 7.5 -0 0.1 0.615229 0.76969 32.1255
1 7.5 -0 0.1 0.903208 0.76969 35.2421
1 7.5 -0 0.1 1.19119 0.76969 29.7975
1 7.5 -0 0.1 1.47917 0.76969 27.7928
1 7.5 -0 0.1 0.19635 0.801106 26.749
1 7.5 -0 0.1 0.484329 0.801106 29.6445
1 7.5 -0 0.1 0.772308 0.801106 36.6256
1 7.5 -0 0.1 1.06029 0.801106 32.7332
1 7.5 -0 0.1 1.34827 0.801106 29.2816
1 7.5 -0 0.1 0.0654498 0.832522 26.2913
1 7.5 -0 0.1 0.353429 0.832522 27.9634
1 7.5 -0 0.1 0.641408 0.832522 32.7424
1 7.5 -0 0.1 0.929388 0.832522 36.8565
1 7.5 -0 0.1 1.21737 0.832522 31.4769
1 7.5 -0 0.1 1.50535 0.832522 29.5948
1 7.5 -0 0.1 0.222529 0.863938 26.8982
1 7.5 -0 0.1 0.510509 0.863938 30.0689
1 7.5 -0 0.1 0.798488 0.863938 37.5972
1 7.5 -0 0.1 1.08647 0.863938 34.58
1 7.5 -0 0.1 1.37445 0.863938 31.2025
1 7.5 -0 0.1 0.0916298 0.895354 26.3455
1 7.5 -0 0.1 0.379609 0.895354 28.2458
1 7.5 -0 0.1 0.667588 0.895354 33.4069
1 7.5 -0 0.1 0.955568 0.895354 38.9249
1 7.5 -0 0.1 1.24355 0.895354 33.5692
1 7.5 -0 0.1 1.53153 0.895354 31.8122
1 7.5 -0 0.1 0.248709 0.92677 27.0679
1 7.5 -0 0.1 0.536689 0.92677 30.5269
1 7.5 -0 0.1 0.824668 0.92677 38.649
1 7.5 -0 0.1 1.11265 0.92677 36.908
1 7.5 -0 0.1 1.40063 0.92677 33.5869
1 7.5 -0 0.1 0.11781 0.958185 26.4181
1 7.5 -0 0.1 0.405789 0.958185 28.5538
1 7.5 -0 0.1 0.693768 0.958185 34.1228
1 7.5 -0 0.1 0.981748 0.958185 41.5709
1 7.5 -0 0.1 1.26973 0.958185 36.1929
1 7.5 -0 0.1 1.55771 0.958185 34.5679
1 7.5 -0 0.1 0.274889 0.989601 27.2584
1 7.5 -0 0.1 0.562869 0.989601 31.0206
1 7.5 -0 0.1 0.850848 0.989601 39.7894
1 7.5 -0 0.1 1.13883 0.989601 39.8623
1 7.5 -0 0.1 1.42681 0.989601 36.5792
1 7.5 -0 0.1 0.14399 1.02102 26.5093
1 7.5 -0 0.1 0.431969 1.02102 28.8886
1 7.5 -0 0.1 0.719948 1.02102 34.8944
1 7.5 -0 0.1 1.00793 1.02102 44.9771
1 7.5 -0 0.1 1.29591 1.02102 39.5222
1 7.5 -0 0.1 0.01309 1.05243 26.2372
1 7.5 -0 0.1 0.301069 1.05243 27.4706
1 7.5 -0 0.1 0.589049 1.05243 31.5526
1 7.5 -0 0.1 0.877028 1.05243 41.0282
1 7.5 -0 0.1 1.16501 1.05243 43.6599
1 7.5 -0 0.1 1.45299 1.05243 40.3943
1 7.5 -0 0.1 0.17017 1.08385 26.6195
1 7.5 -0 0.1 0.458149 1.08385 29.2516
1 7.5 -0 0.1 0.746128 1.08385 35.7268
1 7.5 -0 0.1 1.03411 1.08385 47.6883
1 7.5 -0 0.1 1.32209 1.08385 43.8227
1 7.5 -0 0.1 0.0392699 1.11527 26.2552
1 7.5 -0 0.1 0.327249 1.11527 27.7053
1 7.5 -0 0.1 0.615229 1.11527 32.1255
1 7.5 -0 0.1 0.903208 1.11527 42.3764
1 7.5 -0 0.1 1.19119 1.11527 48.6394
1 7.5 -0 0.1 1.47917 1.11527 45.367
1 7.5 -0 0.1 0.19635 1.14668 26.749
1 7.5 -0 0.1 0.484329 1.14668 29.6445
1 7.5 -0 0.1 0.772308 1.14668 36.6256
1 7.5 -0 0.1 1.06029 1.14668 47.1636
1 7.5 -0 0.1 1.34827 1.14668 49.5182
1 7.5 -0 0.1 0.0654498 1.1781 26.2913
1 7.5 -0 0.1 0.353429 1.1781 27.9634
1 7.5 -0 0.1 0.641408 1.1781 32.7424
1 7.5 -0 0.1 0.929388 1.1781 41.9329
1 7.5 -0 0.1 1.21737 1.1781 55.3574
1 7.5 -0 0.1 1.50535 1.1781 52.0473
1 7.5 -0 0.1 0.222529 1.20951 26.8982
1 7.5 -0 0.1 0.510509 1.20951 30.0689
1 7.5 -0 0.1 0.798488 1.20951 37.5972
1 7.5 -0 0.1 1.08647 1.20951 46.1505
1 7.5 -0 0.1 1.37445 1.20951 57.329
1 7.5 -0 0.1 0.0916298 1.24093 26.3455
1 7.5 -0 0.1 0.379609 1.24093 28.2458
1 7.5 -0 0.1 0.667588 1.24093 33.4069
1 7.5 -0 0.1 0.955568 1.24093 41.2301
1 7.5 -0 0.1 1.24355 1.24093 59.1599
1 7.5 -0 0.1 1.53153 1.24093 56.0635
1 7.5 -0 0.1 0.248709 1.27235 27.0679
1 7.5 -0 0.1 0.536689 1.27235 30.5269
1 7.5 -0 0.1 0.824668 1.27235 38.649
1 7.5 -0 0.1 1.11265 1.27235 51.6079
1 7.5 -0 0.1 1.40063 1.27235 56.264
1 7.5 -0 0.1 0.11781 1.30376 26.4181
1 7.5 -0 0.1 0.405789 1.30376 28.5538
1 7.5 -0 0.1 0.693768 1.30376 34.1228
1 7.5 -0 0.1 0.981748 1.30376 40.768
1 7.5 -0 0.1 1.26973 1.30376 57.5354
1 7.5 -0 0.1 1.55771 1.30376 54.9522
1 7.5 -0 0.1 0.274889 1.33518 27.2584
1 7.5 -0 0.1 0.562869 1.33518 31.0206
1 7.5 -0 0.1 0.850848 1.33518 39.7894
1 7.5 -0 0.1 1.13883 1.33518 55.0422
1 7.5 -0 0.1 1.42681 1.33518 55.076
1 7.5 -0 0.1 0.14399 1.36659 26.5093
1 7.5 -0 0.1 0.431969 1.36659 28.8886
1 7.5 -0 0.1 0.719948 1.36659 34.8944
1 7.5 -0 0.1 1.00793 1.36659 40.5301
1 7.5 -0 0.1 1.29591 1.36659 56.2359
1 7.5 -0 0.1 0.01309 1.39801 26.2372
1 7.5 -0 0.1 0.301069 1.39801 27.4706
1 7.5 -0 0.1 0.589049 1.39801 31.5526
1 7.5 -0 0.1 0.877028 1.39801 41.0282
1 7.5 -0 0.1 1.16501 1.39801 56.3258
1 7.5 -0 0.1 1.45299 1.39801 54.1767
1 7.5 -0 0.1 0.17017 1.42942 26.6195
1 7.5 -0 0.1 0.458149 1.42942 29.2516
1 7.5 -0 0.1 0.746128 1.42942 35.7268
1 7.5 -0 0.1 1.03411 1.42942 48.3863
1 7.5 -0 0.1 1.32209 1.42942 55.2336
1 7.5 -0 0.1 0.0392699 1.46084 26.2552
1 7.5 -0 0.1 0.327249 1.46084 27.7053
1 7.5 -0 0.1 0.615229 1.46084 32.1255
1 7.5 -0 0.1 0.903208 1.46084 42.3764
1 7.5 -0 0.1 1.19119 1.46084 57.409
1 7.5 -0 0.1 1.47917 1.46084 53.5466
1 7.5 -0 0.1 0.19635 1.49226 26.749
1 7.5 -0 0.1 0.484329 1.49226 29.6445
1 7.5 -0 0.1 0.772308 1.49226 36.6256
1 7.5 -0 0.1 1.06029 1.49226 53.6919
1 7.5 -0 0.1 1.34827 1.49226 54.5079
1 7.5 -0 0.1 0.0654498 1.52367 26.2913
1 7.5 -0 0.1 0.353429 1.52367 27.9634
1 7.5 -0 0.1 0.641408 1.52367 32.7424
1 7.5 -0 0.1 0.929388 1.52367 43.8474
1 7.5 -0 0.1 1.21737 1.52367 56.5545
1 7.5 -0 0.1 1.50535 1.52367 53.1727
1 7.5 -0 0.1 0.222529 1.55509 26.8982
1 7.5 -0 0.1 0.510509 1.55509 30.0689
1 7.5 -0 0.1 0.798488 1.55509 37.5972
1 7.5 -0 0.1 1.08647 1.55509 56.3449
1 7.5 -0 0.1 1.37445 1.55509 54.045
1 7.5 -0 0.1 0.0916298 1.5865 26.3455
1 7.5 -0 0.1 0.379609 1.5865 28.2458
1 7.5 -0 0.1 0.667588 1.5865 33.4069
1 7.5 -0 0.1 0.955568 1.5865 45.4565
1 7.5 -0 0.1 1.24355 1.5865 55.9772
1 7.5 -0 0.1 1.53153 1.5865 53.0474
1 7.5 -0 0.1 0.248709 1.61792 27.0679
1 7.5 -0 0.1 0.536689 1.61792 30.5269
1 7.5 -0 0.1 0.824668 1.61792 38.649
1 7.5 -0 0.1 1.11265 1.61792 59.1599
1 7.5 -0 0.1 1.40063 1.61792 53.8365
1 7.5 -0 0.1 0.11781 1.64934 26.4181
1 7.5 -0 0.1 0.405789 1.64934 28.5538
1 7.5 -0 0.1 0.693768 1.64934 34.1228
1 7.5 -0 0.1 0.981748 1.64934 47.2218
1 7.5 -0 0.1 1.26973 1.64934 55.6678
1 7.5 -0 0.1 1.55771 1.64934 53.1684
1 7.5 -0 0.1 0.274889 1.68075 27.2584
1 7.5 -0 0.1 0.562869 1.68075 31.0206
1 7.5 -0 0.1 0.850848 1.68075 39.7894
1 7.5 -0 0.1 1.13883 1.68075 58.7154
1 7.5 -0 0.1 1.42681 1.68075 53.8796
1 7.5 -0 0.1 0.14399 1.71217 26.5093
1 7.5 -0 0.1 0.431969 1.71217 28.8886
1 7.5 -0 0.1 0.719948 1.71217 34.8944
1 7.5 -0 0.1 1.00793 1.71217 49.1647
1 7.5 -0 0.1 1.29591 1.71217 55.6224
1 7.5 -0 0.1 0.01309 1.74358 26.2372
1 7.5 -0 0.1 0.301069 1.74358 27.4706
1 7.5 -0 0.1 0.589049 1.74358 31.5526
1 7.5 -0 0.1 0.877028 1.74358 41.0282
1 7.5 -0 0.1 1.16501 1.74358 58.5564
1 7.5 -0 0.1 1.45299 1.74358 54.1767
1 7.5 -0 0.1 0.17017 1.775 26.6195
1 7.5 -0 0.1 0.458149 1.775 29.2516
1 7.5 -0 0.1 0.746128 1.775 35.7268
1 7.5 -0 0.1 1.03411 1.775 51.3111
1 7.5 -0 0.1 1.32209 1.775 55.8428
1 7.5 -0 0.1 0.0392699 1.80642 26.2552
1 7.5 -0 0.1 0.327249 1.80642 27.7053
1 7.5 -0 0.1 0.615229 1.80642 32.1255
1 7.5 -0 0.1 0.903208 1.80642 42.3764
1 7.5 -0 0.1 1.19119 1.80642 58.6837
1 7.5 -0 0.1 1.47917 1.80642 54.7356
1 7.5 -0 0.1 0.19635 1.83783 26.749
1 7.5 -0 0.1 0.484329 1.83783 29.6445
1 7.5 -0 0.1 0.772308 1.83783 36.6256
1 7.5 -0 0.1 1.06029 1.83783 53.6919
1 7.5 -0 0.1 1.34827 1.83783 56.3366
1 7.5 -0 0.1 0.0654498 1.86925 26.2913
1 7.5 -0 0.1 0.353429 1.86925 27.9634
1 7.5 -0 0.1 0.641408 1.86925 32.7424
1 7.5 -0 0.1 0.929388 1.86925 43.8474
1 7.5 -0 0.1 1.21737 1.86925 59.1045
1 7.5 -0 0.1 1.50535 1.86925 55.5703
1 7.5 -0 0.1 0.222529 1.90066 26.8982
1 7.5 -0 0.1 0.510509 1.90066 30.0689
1 7.5 -0 0.1 0.798488 1.90066 37.5972
1 7.5 -0 0.1 1.08647 1.90066 56.3449
1 7.5 -0 0.1 1.37445 1.90066 57.1178
1 7.5 -0 0.1 0.0916298 1.93208 26.3455
1 7.5 -0 0.1 0.379609 1.93208 28.2458
1 7.5 -0 0.1 0.667588 1.93208 33.4069
1 7.5 -0 0.1 0.955568 1.93208 45.4565
1 7.5 -0 0.1 1.24355 1.93208 59.3787
1 7.5 -0 0.1 1.53153 1.93208 56.2709
1 7.5 -0 0.1 0.248709 1.9635 27.0679
1 7.5 -0 0.1 0.536689 1.9635 30.5269
1 7.5 -0 0.1 0.824668 1.9635 38.649
1 7.5 -0 0.1 1.11265 1.9635 57.9078
1 7.5 -0 0.1 1.40063 1.9635 52.697
1 7.5 -0 0.1 0.11781 1.99491 26.4181
1 7.5 -0 0.1 0.405789 1.99491 28.5538
1 7.5 -0 0.1 0.693768 1.99491 34.1228
1 7.5 -0 0.1 0.981748 1.99491 47.2218
1 7.5 -0 0.1 1.26973 1.99491 50.572
1 7.5 -0 0.1 1.55771 1.99491 48.3014
1 7.5 -0 0.1 0.274889 2.02633 27.2584
1 7.5 -0 0.1 0.562869 2.02633 31.0206
1 7.5 -0 0.1 0.850848 2.02633 39.7894
1 7.5 -0 0.1 1.13883 2.02633 49.7462
1 7.5 -0 0.1 1.42681 2.02633 45.6491
1 7.5 -0 0.1 0.14399 2.05774 26.5093
1 7.5 -0 0.1 0.431969 2.05774 28.8886
1 7.5 -0 0.1 0.719948 2.05774 34.8944
1 7.5 -0 0.1 1.00793 2.05774 49.1647
1 7.5 -0 0.1 1.29591 2.05774 44.1312
1 7.5 -0 0.1 0.01309 2.08916 26.2372
1 7.5 -0 0.1 0.301069 2.08916 27.4706
1 7.5 -0 0.1 0.589049 2.08916 31.5526
1 7.5 -0 0.1 0.877028 2.08916 41.0282
1 7.5 -0 0.1 1.16501 2.08916 43.6599
1 7.5 -0 0.1 1.45299 2.08916 40.3943
1 7.5 -0 0.1 0.17017 2.12058 26.6195
1 7.5 -0 0.1 0.458149 2.12058 29.2516
1 7.5 -0 0.1 0.746128 2.12058 35.7268
1 7.5 -0 0.1 1.03411 2.12058 44.2612
1 7.5 -0 0.1 1.32209 2.12058 39.2459
1 7.5 -0 0.1 0.0392699 2.15199 26.2552
1 7.5 -0 0.1 0.327249 2.15199 27.7053
1 7.5 -0 0.1 0.615229 2.15199 32.1255
1 7.5 -0 0.1 0.903208 2.15199 42.3764
1 7.5 -0 0.1 1.19119 2.15199 38.9754
1 7.5 -0 0.1 1.47917 2.15199 36.3532
1 7.5 -0 0.1 0.19635 2.18341 26.749
1 7.5 -0 0.1 0.484329 2.18341 29.6445
1 7.5 -0 0.1 0.772308 2.18341 36.6256
1 7.5 -0 0.1 1.06029 2.18341 39.6161
1 7.5 -0 0.1 1.34827 2.18341 35.4387
1 7.5 -0 0.1 0.0654498 2.21482 26.2913
1 7.5 -0 0.1 0.353429 2.21482 27.9634
1 7.5 -0 0.1 0.641408 2.21482 32.7424
1 7.5 -0 0.1 0.929388 2.21482 41.3125
1 7.5 -0 0.1 1.21737 2.21482 35.2826
1 7.5 -0 0.1 1.50535 2.21482 33.1728
1 7.5 -0 0.1 0.222529 2.24624 26.8982
1 7.5 -0 0.1 0.510509 2.24624 30.0689
1 7.5 -0 0.1 0.798488 2.24624 37.5972
1 7.5 -0 0.1 1.08647 2.24624 35.9188
1 7.5 -0 0.1 1.37445 2.24624 32.4104
1 7.5 -0 0.1 0.0916298 2.27765 26.3455
1 7.5 -0 0.1 0.379609 2.27765 28.2458
1 7.5 -0 0.1 0.667588 2.27765 33.4069
1 7.5 -0 0.1 0.955568 2.27765 37.4741
1 7.5 -0 0.1 1.24355 2.27765 32.318
1 7.5 -0 0.1 1.53153 2.27765 30.6265
1 7.5 -0 0.1 0.248709 2.30907 27.0679
1 7.5 -0 0.1 0.536689 2.30907 30.5269
1 7.5 -0 0.1 0.824668 2.30907 38.649
1 7.5 -0 0.1 1.11265 2.30907 32.9271
1 7.5 -0 0.1 1.40063 2.30907 29.9642
1 7.5 -0 0.1 0.11781 2.34049 26.4181
1 7.5 -0 0.1 0.405789 2.34049 28.5538
1 7.5 -0 0.1 0.693768 2.34049 34.1228
1 7.5 -0 0.1 0.981748 2.34049 34.3484
1 7.5 -0 0.1 1.26973 2.34049 29.9047
1 7.5 -0 0.1 1.55771 2.34049 28.5621
1 7.5 -0 0.1 0.274889 2.3719 27.2584
1 7.5 -0 0.1 0.562869 2.3719 31.0206
1 7.5 -0 0.1 0.850848 2.3719 36.8113
1 7.5 -0 0.1 1.13883 2.3719 30.4756
1 7.5 -0 0.1 1.42681 2.3719 27.9656
1 7.5 -0 0.1 0.14399 2.40332 26.5093
1 7.5 -0 0.1 0.431969 2.40332 28.8886
1 7.5 -0 0.1 0.719948 2.40332 34.8944
1 7.5 -0 0.1 1.00793 2.40332 31.7732
1 7.5 -0 0.1 1.29591 2.40332 27.9197
1 7.5 -0 0.1 0.01309 2.43473 26.2372
1 7.5 -0 0.1 0.301069 2.43473 27.4706
1 7.5 -0 0.1 0.589049 2.43473 31.5526
1 7.5 -0 0.1 0.877028 2.43473 33.9958
1 7.5 -0 0.1 1.16501 2.43473 28.4475
1 7.5 -0 0.1 1.45299 2.43473 26.3198
1 7.5 -0 0.1 0.17017 2.46615 26.6195
1 7.5 -0 0.1 0.458149 2.46615 29.2516
1 7.5 -0 0.1 0.746128 2.46615 35.7268
1 7.5 -0 0.1 1.03411 2.46615 29.6329
1 7.5 -0 0.1 1.32209 2.46615 26.2752
1 7.5 -0 0.1 0.0392699 2.49757 26.2552
1 7.5 -0 0.1 0.327249 2.49757 27.7053
1 7.5 -0 0.1 0.615229 2.49757 32.1255
1 7.5 -0 0.1 0.903208 2.49757 31.6478
1 7.5 -0 0.1 1.19119 2.49757 26.7585
1 7.5 -0 0.1 1.47917 2.49757 24.9582
1 7.5 -0 0.1 0.19635 2.52898 26.749
1 7.5 -0 0.1 0.484329 2.52898 29.6445
1 7.5 -0 0.1 0.772308 2.52898 34.8136
1 7.5 -0 0.1 1.06029 2.52898 27.8427
1 7.5 -0 0.1 1.34827 2.52898 24.9068
1 7.5 -0 0.1 0.0654498 2.5604 26.2913
1 7.5 -0 0.1 0.353429 2.5604 27.9634
1 7.5 -0 0.1 0.641408 2.5604 32.7424
1 7.5 -0 0.1 0.929388 2.5604 29.6777
1 7.5 -0 0.1 1.21737 2.5604 25.346
1 7.5 -0 0.1 1.50535 2.5604 23.8304
1 7.5 -0 0.1 0.222529 2.59182 26.8982
1 7.5 -0 0.1 0.510509 2.59182 30.0689
1 7.5 -0 0.1 0.798488 2.59182 32.5421
1 7.5 -0 0.1 1.08647 2.59182 26.3393
1 7.5 -0 0.1 1.37445 2.59182 23.7666
1 7.5 -0 0.1 0.0916298 2.62323 26.3455
1 7.5 -0 0.1 0.379609 2.62323 28.2458
1 7.5 -0 0.1 0.667588 2.62323 33.4069
1 7.5 -0 0.1 0.955568 2.62323 28.0182
1 7.5 -0 0.1 1.24355 2.62323 24.1632
1 7.5 -0 0.1 1.53153 2.62323 22.8985
1 7.5 -0 0.1 0.248709 2.65465 27.0679
1 7.5 -0 0.1 0.536689 2.65465 30.5269
1 7.5 -0 0.1 0.824668 2.65465 30.6255
1 7.5 -0 0.1 1.11265 2.65465 25.0749
1 7.5 -0 0.1 1.40063 2.65465 22.8186
1 7.5 -0 0.1 0.11781 2.68607 26.4181
1 7.5 -0 0.1 0.405789 2.68607 28.5538
1 7.5 -0 0.1 0.693768 2.68607 34.1228
1 7.5 -0 0.1 0.981748 2.68607 26.6177
1 7.5 -0 0.1 1.26973 2.68607 23.1742
1 7.5 -0 0.1 1.55771 2.68607 22.1337
1 7.5 -0 0.1 0.274889 2.71748 27.2584
1 7.5 -0 0.1 0.562869 2.71748 31.0206
1 7.5 -0 0.1 0.850848 2.71748 29.0049
1 7.5 -0 0.1 1.13883 2.71748 24.0128
1 7.5 -0 0.1 1.42681 2.71748 22.0351
1 7.5 -0 0.1 0.14399 2.7489 26.5093
1 7.5 -0 0.1 0.431969 2.7489 28.8886
1 7.5 -0 0.1 0.719948 2.7489 32.6271
1 7.5 -0 0.1 1.00793 2.7489 25.4367
1 7.5 -0 0.1 1.29591 2.7489 22.3517
1 7.5 -0 0.1 0.01309 2.78031 26.2372
1 7.5 -0 0.1 0.301069 2.78031 27.4706
1 7.5 -0 0.1 0.589049 2.78031 31.5526
1 7.5 -0 0.1 0.877028 2.78031 27.6345
1 7.5 -0 0.1 1.16501 2.78031 23.1245
1 7.5 -0 0.1 1.45299 2.78031 21.3949
1 7.5 -0 0.1 0.17017 2.81173 26.6195
1 7.5 -0 0.1 0.458149 2.81173 29.2516
1 7.5 -0 0.1 0.746128 2.81173 30.9481
1 7.5 -0 0.1 1.03411 2.81173 24.4443
1 7.5 -0 0.1 1.32209 2.81173 21.6745
1 7.5 -0 0.1 0.0392699 2.84315 26.2552
1 7.5 -0 0.1 0.327249 2.84315 27.7053
1 7.5 -0 0.1 0.615229 2.84315 32.1255
1 7.5 -0 0.1 0.903208 2.84315 26.4788
1 7.5 -0 0.1 1.19119 2.84315 22.3881
1 7.5 -0 0.1 1.47917 2.84315 20.8819
1 7.5 -0 0.1 0.19635 2.87456 26.749
1 7.5 -0 0.1 0.484329 2.87456 29.6445
1 7.5 -0 0.1 0.772308 2.87456 29.5294
1 7.5 -0 0.1 1.06029 2.87456 23.6165
1 7.5 -0 0.1 1.34827 2.87456 21.1262
1 7.5 -0 0.1 0.0654498 2.90598 26.2913
1 7.5 -0 0.1 0.353429 2.90598 27.9634
1 7.5 -0 0.1 0.641408 2.90598 32.7424
1 7.5 -0 0.1 0.929388 2.90598 25.5097
1 7.5 -0 0.1 1.21737 2.90598 21.7863
1 7.5 -0 0.1 1.50535 2.90598 20.4836
1 7.5 -0 0.1 0.222529 2.93739 26.8982
1 7.5 -0 0.1 0.510509 2.93739 30.0689
1 7.5 -0 0.1 0.798488 2.93739 28.3354
1 7.5 -0 0.1 1.08647 2.93739 22.9345
1 7.5 -0 0.1 1.37445 2.93739 20.6943
1 7.5 -0 0.1 0.0916298 2.96881 26.3455
1 7.5 -0 0.1 0.379609 2.96881 28.2458
1 7.5 -0 0.1 0.667588 2.96881 32.5886
1 7.5 -0 0.1 0.955568 2.96881 24.7054
1 7.5 -0 0.1 1.24355 2.96881 21.3061
1 7.5 -0 0.1 1.53153 2.96881 20.191
1 7.5 -0 0.1 0.248709 3.00022 27.0679
1 7.5 -0 0.1 0.536689 3.00022 30.5269
1 7.5 -0 0.1 0.824668 3.00022 27.3385
1 7.5 -0 0.1 1.11265 3.00022 22.3836
1 7.5 -0 0.1 1.40063 3.00022 20.3695
1 7.5 -0 0.1 0.11781 3.03164 26.4181
1 7.5 -0 0.1 0.405789 3.03164 28.5538
1 7.5 -0 0.1 0.693768 3.03164 31.2708
1 7.5 -0 0.1 0.981748 3.03164 24.0487
1 7.5 -0 0.1 1.26973 3.03164 20.9375
1 7.5 -0 0.1 1.55771 3.03164 19.9975
1 7.5 -0 0.1 0.274889 3.06306 27.2584
1 7.5 -0 0.1 0.562869 3.06306 31.0206
1 7.5 -0 0.1 0.850848 3.06306 26.5169
1 7.5 -0 0.1 1.13883 3.06306 21.953
1 7.5 -0 0.1 1.42681 3.06306 20.1449
1 7.5 -0 0.1 0.14399 3.09447 26.5093
1 7.5 -0 0.1 0.431969 3.09447 28.8886
1 7.5 -0 0.1 0.719948 3.09447 30.177
1 7.5 -0 0.1 1.00793 3.09447 23.5266
1 7.5 -0 0.1 1.29591 3.09447 20.6733
1 7.5 -0 0.1 0.01309 3.12589 26.2372
1 7.5 -0 0.1 0.301069 3.12589 27.4706
1 7.5 -0 0.1 0.589049 3.12589 31.5526
1 7.5 -0 0.1 0.877028 3.12589 25.8538
1 7.5 -0 0.1 1.16501 3.12589 21.6344
1 7.5 -0 0.1 1.45299 3.12589 20.0162
2 15.1 10 0.1 0.746128 1.5865 10.8725
2 15.1 10 0.1 1.03411 1.5865 11.2079
2 15.1 10 0.1 1.32209 1.5865 9.9379
2 15.1 10 0.1 0.248709 1.61792 4.21396
2 15.1 10 0.1 0.536689 1.61792 19.5243
2 15.1 10 0.1 0.824668 1.61792 28.4669
2 15.1 10 0.1 1.11265 1.61792 23.3075
2 15.1 10 0.1 1.40063 1.61792 21.2103
2 15.1 10 0.1 0.248709 1.64933 13.3465
2 15.1 10 0.1 0.536689 1.64933 23.921
2 15.1 10 0.1 0.824668 1.64933 31.5997
2 15.1 10 0.1 1.11265 1.64933 25.8726
2 15.1 10 0.1 1.40063 1.64933 23.5445
2 15.1 10 0.1 0.222529 1.68075 15.956
2 15.1 10 0.1 0.510509 1.68075 25.1266
2 15.1 10 0.1 0.798488 1.68075 33.849
2 15.1 10 0.1 1.08647 1.68075 27.3971
2 15.1 10 0.1 1.37445 1.68075 24.7211
2 15.1 10 0.1 0.17017 1.71217 15.5138
2 15.1 10 0.1 0.458149 1.71217 24.9993
2 15.1 10 0.1 0.746128 1.71217 32.9561
2 15.1 10 0.1 1.03411 1.71217 28.9575
2 15.1 10 0.1 1.32209 1.71217 25.6763
2 15.1 10 0.1 0.0916298 1.74358 9.50065
2 15.1 10 0.1 0.379609 1.74358 24.0863
2 15.1 10 0.1 0.667588 1.74358 30.9172
2 15.1 10 0.1 0.955568 1.74358 31.0531
2 15.1 10 0.1 1.24355 1.74358 26.7805
2 15.1 10 0.1 1.53153 1.74358 25.3788
2 15.1 10 0.1 0.301069 1.775 23.0639
2 15.1 10 0.1 0.589049 1.775 29.2004
2 15.1 10 0.1 0.877028 1.775 33.4991
2 15.1 10 0.1 1.16501 1.775 28.0319
2 15.1 10 0.1 1.45299 1.775 25.9353
2 15.1 10 0.1 0.222529 1.80641 21.7547
2 15.1 10 0.1 0.510509 1.80641 27.7457
2 15.1 10 0.1 0.798488 1.80641 36.0125
2 15.1 10 0.1 1.08647 1.80641 29.5121
2 15.1 10 0.1 1.37445 1.80641 26.6295
2 15.1 10 0.1 0.11781 1.83783 17.8739
2 15.1 10 0.1 0.405789 1.83783 26.0097
2 15.1 10 0.1 0.693768 1.83783 32.5522
2 15.1 10 0.1 0.981748 1.83783 31.8346
2 15.1 10 0.1 1.26973 1.83783 27.7161
2 15.1 10 0.1 1.55771 1.83783 26.4717
2 15.1 10 0.1 0.301069 1.86924 24.4315
2 15.1 10 0.1 0.589049 1.86924 29.9304
2 15.1 10 0.1 0.877028 1.86924 34.8894
2 15.1 10 0.1 1.16501 1.86924 29.1954
2 15.1 10 0.1 1.45299 1.86924 27.0117
2 15.1 10 0.1 0.19635 1.90066 22.5555
2 15.1 10 0.1 0.484329 1.90066 27.8874
2 15.1 10 0.1 0.772308 1.90066 35.4532
2 15.1 10 0.1 1.06029 1.90066 31.1658
2 15.1 10 0.1 1.34827 1.90066 27.8795
2 15.1 10 0.1 0.0916298 1.93208 18.1522
2 15.1 10 0.1 0.379609 1.93208 26.2227
2 15.1 10 0.1 0.667588 1.93208 32.1959
2 15.1 10 0.1 0.955568 1.93208 33.7714
2 15.1 10 0.1 1.24355 1.93208 29.1247
2 15.1 10 0.1 1.53153 1.93208 27.6004
2 15.1 10 0.1 0.274889 1.96349 24.7073
2 15.1 10 0.1 0.562869 1.96349 29.7229
2 15.1 10 0.1 0.850848 1.96349 37.2299
2 15.1 10 0.1 1.13883 1.96349 30.8221
2 15.1 10 0.1 1.42681 1.96349 28.2836
2 15.1 10 0.1 0.17017 1.99491 22.8169
2 15.1 10 0.1 0.458149 1.99491 27.7957
2 15.1 10 0.1 0.746128 1.99491 34.7781
2 15.1 10 0.1 1.03411 1.99491 33.0834
2 15.1 10 0.1 1.32209 1.99491 29.3347
2 15.1 10 0.1 0.0654498 2.02632 17.0814
2 15.1 10 0.1 0.353429 2.02632 26.2231
2 15.1 10 0.1 0.641408 2.02632 31.7357
2 15.1 10 0.1 0.929388 2.02632 36.0769
2 15.1 10 0.1 1.21737 2.02632 30.8112
2 15.1 10 0.1 1.50535 2.02632 28.9688
2 15.1 10 0.1 0.248709 2.05774 24.7672
2 15.1 10 0.1 0.536689 2.05774 29.4193
2 15.1 10 0.1 0.824668 2.05774 37.8778
2 15.1 10 0.1 1.11265 2.05774 32.8018
2 15.1 10 0.1 1.40063 2.05774 29.8502
2 15.1 10 0.1 0.14399 2.08916 22.7819
2 15.1 10 0.1 0.431969 2.08916 27.6111
2 15.1 10 0.1 0.719948 2.08916 34.0832
2 15.1 10 0.1 1.00793 2.08916 35.4404
2 15.1 10 0.1 1.29591 2.08916 31.1421
2 15.1 10 0.1 0.0392699 2.12057 13.3367
2 15.1 10 0.1 0.327249 2.12057 26.1275
2 15.1 10 0.1 0.615229 2.12057 31.2467
2 15.1 10 0.1 0.903208 2.12057 38.9305
2 15.1 10 0.1 1.19119 2.12057 32.9161
2 15.1 10 0.1 1.47917 2.12057 30.7016
2 15.1 10 0.1 0.222529 2.15199 24.7112
2 15.1 10 0.1 0.510509 2.15199 29.0811
2 15.1 10 0.1 0.798488 2.15199 36.9234
2 15.1 10 0.1 1.08647 2.15199 35.2809
2 15.1 10 0.1 1.37445 2.15199 31.8349
2 15.1 10 0.1 0.11781 2.18341 22.4971
2 15.1 10 0.1 0.405789 2.18341 27.3863
2 15.1 10 0.1 0.693768 2.18341 33.402
2 15.1 10 0.1 0.981748 2.18341 38.401
2 15.1 10 0.1 1.26973 2.18341 33.4331
2 15.1 10 0.1 1.55771 2.18341 31.932
2 15.1 10 0.1 0.301069 2.21482 25.9823
2 15.1 10 0.1 0.589049 2.21482 30.7581
2 15.1 10 0.1 0.877028 2.21482 40.4541
2 15.1 10 0.1 1.16501 2.21482 35.5867
2 15.1 10 0.1 1.45299 2.21482 32.9249
2 15.1 10 0.1 0.19635 2.24624 24.5765
2 15.1 10 0.1 0.484329 2.24624 28.7342
2 15.1 10 0.1 0.772308 2.24624 36.0182
2 15.1 10 0.1 1.06029 2.24624 38.432
2 15.1 10 0.1 1.34827 2.24624 34.3795
2 15.1 10 0.1 0.0916298 2.27765 21.8862
2 15.1 10 0.1 0.379609 2.27765 27.1447
2 15.1 10 0.1 0.667588 2.27765 32.7478
2 15.1 10 0.1 0.955568 2.27765 42.1749
2 15.1 10 0.1 1.24355 2.27765 36.372
2 15.1 10 0.1 1.53153 2.27765 34.4683
2 15.1 10 0.1 0.274889 2.30907 25.8078
2 15.1 10 0.1 0.562869 2.30907 30.2827
2 15.1 10 0.1 0.850848 2.30907 39.2657
2 15.1 10 0.1 1.13883 2.30907 39.0191
2 15.1 10 0.1 1.42681 2.30907 35.8055
2 15.1 10 0.1 0.17017 2.34049 24.3709
2 15.1 10 0.1 0.458149 2.34049 28.3907
2 15.1 10 0.1 0.746128 2.34049 35.1658
2 15.1 10 0.1 1.03411 2.34049 42.4954
2 15.1 10 0.1 1.32209 2.34049 37.6802
2 15.1 10 0.1 0.0654498 2.3719 20.6491
2 15.1 10 0.1 0.353429 2.3719 26.8972
2 15.1 10 0.1 0.641408 2.3719 32.1257
2 15.1 10 0.1 0.929388 2.3719 43.3869
2 15.1 10 0.1 1.21737 2.3719 40.1949
2 15.1 10 0.1 1.50535 2.3719 37.7914
2 15.1 10 0.1 0.248709 2.40332 25.6123
2 15.1 10 0.1 0.536689 2.40332 29.8261
2 15.1 10 0.1 0.824668 2.40332 38.1611
2 15.1 10 0.1 1.11265 2.40332 43.5033
2 15.1 10 0.1 1.40063 2.40332 39.5887
2 15.1 10 0.1 0.14399 2.43473 24.0807
2 15.1 10 0.1 0.431969 2.43473 28.0562
2 15.1 10 0.1 0.719948 2.43473 34.3658
2 15.1 10 0.1 1.00793 2.43473 47.835
2 15.1 10 0.1 1.29591 2.43473 42.0335
2 15.1 10 0.1 0.01309 2.46615 0.296321
2 15.1 10 0.1 0.301069 2.46615 26.3256
2 15.1 10 0.1 0.589049 2.46615 30.9414
2 15.1 10 0.1 0.877028 2.46615 40.5865
2 15.1 10 0.1 1.16501 2.46615 45.7601
2 15.1 10 0.1 1.45299 2.46615 42.3375
2 15.1 10 0.1 0.17017 2.49757 24.6627
2 15.1 10 0.1 0.458149 2.49757 28.5024
2 15.1 10 0.1 0.746128 2.49757 35.2386
2 15.1 10 0.1 1.03411 2.49757 50.9255
2 15.1 10 0.1 1.32209 2.49757 45.195
2 15.1 10 0.1 0.0392699 2.52898 18.005
2 15.1 10 0.1 0.327249 2.52898 26.6977
2 15.1 10 0.1 0.615229 2.52898 31.5643
2 15.1 10 0.1 0.903208 2.52898 41.964
2 15.1 10 0.1 1.19119 2.52898 49.2702
2 15.1 10 0.1 1.47917 2.52898 45.9554
2 15.1 10 0.1 0.19635 2.5604 25.1238
2 15.1 10 0.1 0.484329 2.5604 28.9635
2 15.1 10 0.1 0.772308 2.5604 36.1712
2 15.1 10 0.1 1.06029 2.5604 53.3285
2 15.1 10 0.1 1.34827 2.5604 48.7611
2 15.1 10 0.1 0.0654498 2.59181 21.5392
2 15.1 10 0.1 0.353429 2.59181 27.0654
2 15.1 10 0.1 0.641408 2.59181 31.4784
2 15.1 10 0.1 0.929388 2.59181 43.4595
2 15.1 10 0.1 1.21737 2.59181 49.6913
2 15.1 10 0.1 1.50535 2.59181 46.7199
2 15.1 10 0.1 0.222529 2.62323 25.5159
2 15.1 10 0.1 0.510509 2.62323 27.8488
2 15.1 10 0.1 0.798488 2.62323 37.1713
2 15.1 10 0.1 1.08647 2.62323 51.7088
2 15.1 10 0.1 1.37445 2.62323 46.6582
2 15.1 10 0.1 0.0916298 2.65465 23.0685
2 15.1 10 0.1 0.379609 2.65465 27.4366
2 15.1 10 0.1 0.667588 2.65465 31.1687
2 15.1 10 0.1 0.955568 2.65465 45.0893
2 15.1 10 0.1 1.24355 2.65465 47.4987
2 15.1 10 0.1 1.53153 2.65465 45.0127
2 15.1 10 0.1 0.248709 2.68606 25.869
2 15.1 10 0.1 0.536689 2.68606 26.5777
2 15.1 10 0.1 0.824668 2.68606 38.2472
2 15.1 10 0.1 1.11265 2.68606 49.3534
2 15.1 10 0.1 1.40063 2.68606 44.9124
2 15.1 10 0.1 0.11781 2.71748 23.9443
2 15.1 10 0.1 0.405789 2.71748 27.8172
2 15.1 10 0.1 0.693768 2.71748 30.4279
2 15.1 10 0.1 0.981748 2.71748 46.8721
2 15.1 10 0.1 1.26973 2.71748 45.6682
2 15.1 10 0.1 1.55771 2.71748 43.6178
2 15.1 10 0.1 0.274889 2.74889 26.2017
2 15.1 10 0.1 0.562869 2.74889 25.5448
2 15.1 10 0.1 0.850848 2.74889 39.4079
2 15.1 10 0.1 1.13883 2.74889 47.377
2 15.1 10 0.1 1.42681 2.74889 43.475
2 15.1 10 0.1 0.14399 2.78031 24.5351
2 15.1 10 0.1 0.431969 2.78031 28.212
2 15.1 10 0.1 0.719948 2.78031 29.0156
2 15.1 10 0.1 1.00793 2.78031 48.8297
2 15.1 10 0.1 1.29591 2.78031 44.1508
2 15.1 10 0.1 0.01309 2.81173 4.83845
2 15.1 10 0.1 0.301069 2.81173 26.5261
2 15.1 10 0.1 0.589049 2.81173 24.7105
2 15.1 10 0.1 0.877028 2.81173 39.6928
2 15.1 10 0.1 1.16501 2.81173 45.7288
2 15.1 10 0.1 1.45299 2.81173 42.3085
2 15.1 10 0.1 0.17017 2.84314 24.9823
2 15.1 10 0.1 0.458149 2.84314 27.6738
2 15.1 10 0.1 0.746128 2.84314 28.1281
2 15.1 10 0.1 1.03411 2.84314 48.3921
2 15.1 10 0.1 1.32209 2.84314 42.9088
2 15.1 10 0.1 0.0392699 2.87456 19.2573
2 15.1 10 0.1 0.327249 2.87456 26.8506
2 15.1 10 0.1 0.615229 2.87456 25.1839
2 15.1 10 0.1 0.903208 2.87456 41.6618
2 15.1 10 0.1 1.19119 2.87456 44.3693
2 15.1 10 0.1 1.47917 2.87456 41.3842
2 15.1 10 0.1 0.19635 2.90597 25.352
2 15.1 10 0.1 0.484329 2.90597 26.5521
2 15.1 10 0.1 0.772308 2.90597 30.5601
2 15.1 10 0.1 1.06029 2.90597 46.8535
2 15.1 10 0.1 1.34827 2.90597 41.913
2 15.1 10 0.1 0.0654498 2.93739 22.1535
2 15.1 10 0.1 0.353429 2.93739 27.1815
2 15.1 10 0.1 0.641408 2.93739 25.7005
2 15.1 10 0.1 0.929388 2.93739 43.5097
2 15.1 10 0.1 1.21737 2.93739 43.2677
2 15.1 10 0.1 1.50535 2.93739 40.6805
2 15.1 10 0.1 0.222529 2.9688 25.6794
2 15.1 10 0.1 0.510509 2.9688 25.6427
2 15.1 10 0.1 0.798488 2.9688 32.9382
2 15.1 10 0.1 1.08647 2.9688 45.5948
2 15.1 10 0.1 1.37445 2.9688 41.1414
2 15.1 10 0.1 0.0916298 3.00022 23.4202
2 15.1 10 0.1 0.379609 3.00022 27.5235
2 15.1 10 0.1 0.667588 3.00022 26.2511
2 15.1 10 0.1 0.955568 3.00022 45.1287
2 15.1 10 0.1 1.24355 3.00022 42.4008
2 15.1 10 0.1 1.53153 3.00022 40.1815
2 15.1 10 0.1 0.248709 3.03164 25.9847
2 15.1 10 0.1 0.536689 3.03164 24.9131
2 15.1 10 0.1 0.824668 3.03164 35.2795
2 15.1 10 0.1 1.11265 3.03164 44.59
2 15.1 10 0.1 1.40063 3.03164 40.5776
2 15.1 10 0.1 0.11781 3.06305 24.1565
2 15.1 10 0.1 0.405789 3.06305 27.8804
2 15.1 10 0.1 0.693768 3.06305 26.8396
2 15.1 10 0.1 0.981748 3.06305 46.9021
2 15.1 10 0.1 1.26973 3.06305 41.7509
2 15.1 10 0.1 1.55771 3.06305 39.8763
2 15.1 10 0.1 0.274889 3.09447 26.2811
2 15.1 10 0.1 0.562869 3.09447 24.3386
2 15.1 10 0.1 0.850848 3.09447 37.6128
2 15.1 10 0.1 1.13883 3.09447 43.8193
2 15.1 10 0.1 1.42681 3.09447 40.2103
2 15.1 10 0.1 0.14399 3.12588 24.6623
2 15.1 10 0.1 0.431969 3.12588 27.7476
2 15.1 10 0.1 0.719948 3.12588 27.4697
2 15.1 10 0.1 1.00793 3.12588 47.0067
2 15.1 10 0.1 1.29591 3.12588 41.3057
2 15.1 10 0.1 0.01309 -3.12588 5.98966
2 15.1 10 0.1 0.301069 -3.12588 26.5769
2 15.1 10 0.1 0.589049 -3.12588 24.7253
2 15.1 10 0.1 0.877028 -3.12588 39.9653
2 15.1 10 0.1 1.16501 -3.12588 43.2687
2 15.1 10 0.1 1.45299 -3.12588 40.0324
2 15.1 10 0.1 0.17017 -3.09447 25.0529
2 15.1 10 0.1 0.458149 -3.09447 26.8656
2 15.1 10 0.1 0.746128 -3.09447 29.2017
2 15.1 10 0.1 1.03411 -3.09447 46.3043
2 15.1 10 0.1 1.32209 -3.09447 41.0575
2 15.1 10 0.1 0.0392699 -3.06305 19.4845
2 15.1 10 0.1 0.327249 -3.06305 26.8784
2 15.1 10 0.1 0.615229 -3.06305 25.1994
2 15.1 10 0.1 0.903208 -3.06305 42.038
2 15.1 10 0.1 1.19119 -3.06305 42.9291
2 15.1 10 0.1 1.47917 -3.06305 40.0409
2 15.1 10 0.1 0.19635 -3.03164 25.3824
2 15.1 10 0.1 0.484329 -3.03164 26.1721
2 15.1 10 0.1 0.772308 -3.03164 31.0842
2 15.1 10 0.1 1.06029 -3.03164 45.8358
2 15.1 10 0.1 1.34827 -3.03164 41.0025
2 15.1 10 0.1 0.0654498 -3.00022 22.1987
2 15.1 10 0.1 0.353429 -3.00022 27.19
2 15.1 10 0.1 0.641408 -3.00022 25.7054
2 15.1 10 0.1 0.929388 -3.00022 43.5134
2 15.1 10 0.1 1.21737 -3.00022 42.7957
2 15.1 10 0.1 1.50535 -3.00022 40.2367
2 15.1 10 0.1 0.222529 -2.9688 25.6794
2 15.1 10 0.1 0.510509 -2.9688 25.6427
2 15.1 10 0.1 0.798488 -2.9688 32.9382
2 15.1 10 0.1 1.08647 -2.9688 45.5948
2 15.1 10 0.1 1.37445 -2.9688 41.1414
2 15.1 10 0.1 0.0916298 -2.93739 23.3879
2 15.1 10 0.1 0.379609 -2.93739 27.5155
2 15.1 10 0.1 0.667588 -2.93739 26.2464
2 15.1 10 0.1 0.955568 -2.93739 45.1251
2 15.1 10 0.1 1.24355 -2.93739 42.8684
2 15.1 10 0.1 1.53153 -2.93739 40.6247
2 15.1 10 0.1 0.248709 -2.90597 25.9607
2 15.1 10 0.1 0.536689 -2.90597 25.2591
2 15.1 10 0.1 0.824668 -2.90597 34.7815
2 15.1 10 0.1 1.11265 -2.90597 45.58
2 15.1 10 0.1 1.40063 -2.90597 41.4786
2 15.1 10 0.1 0.11781 -2.87456 24.0807
2 15.1 10 0.1 0.405789 -2.87456 27.8578
2 15.1 10 0.1 0.693768 -2.87456 26.8256
2 15.1 10 0.1 0.981748 -2.87456 46.8913
2 15.1 10 0.1 1.26973 -2.87456 43.1516
2 15.1 10 0.1 1.55771 -2.87456 41.2141
2 15.1 10 0.1 0.274889 -2.84314 26.237
2 15.1 10 0.1 0.562869 -2.84314 25.0085
2 15.1 10 0.1 0.850848 -2.84314 36.63
2 15.1 10 0.1 1.13883 -2.84314 45.7951
2 15.1 10 0.1 1.42681 -2.84314 42.0234
2 15.1 10 0.1 0.14399 -2.81173 24.5573
2 15.1 10 0.1 0.431969 -2.81173 28.2196
2 15.1 10 0.1 0.719948 -2.81173 27.4468
2 15.1 10 0.1 1.00793 -2.81173 48.8335
2 15.1 10 0.1 1.29591 -2.81173 43.6542
2 15.1 10 0.1 0.01309 -2.78031 4.59503
2 15.1 10 0.1 0.301069 -2.78031 26.5153
2 15.1 10 0.1 0.589049 -2.78031 24.8819
2 15.1 10 0.1 0.877028 -2.78031 40.6597
2 15.1 10 0.1 1.16501 -2.78031 46.249
2 15.1 10 0.1 1.45299 -2.78031 42.7898
2 15.1 10 0.1 0.17017 -2.74889 24.9258
2 15.1 10 0.1 0.458149 -2.74889 28.3209
2 15.1 10 0.1 0.746128 -2.74889 32.5945
2 15.1 10 0.1 1.03411 -2.74889 50.0637
2 15.1 10 0.1 1.32209 -2.74889 44.391
2 15.1 10 0.1 0.0392699 -2.71748 18.8492
2 15.1 10 0.1 0.327249 -2.71748 26.8008
2 15.1 10 0.1 0.615229 -2.71748 25.2309
2 15.1 10 0.1 0.903208 -2.71748 42.0062
2 15.1 10 0.1 1.19119 -2.71748 46.9569
2 15.1 10 0.1 1.47917 -2.71748 43.7978
2 15.1 10 0.1 0.19635 -2.68606 25.2364
2 15.1 10 0.1 0.484329 -2.68606 28
2 15.1 10 0.1 0.772308 -2.68606 36.2027
2 15.1 10 0.1 1.06029 -2.68606 50.7322
2 15.1 10 0.1 1.34827 -2.68606 45.3827
2 15.1 10 0.1 0.0654498 -2.65465 21.7066
2 15.1 10 0.1 0.353429 -2.65465 27.097
2 15.1 10 0.1 0.641408 -2.65465 29.5271
2 15.1 10 0.1 0.929388 -2.65465 43.4732
2 15.1 10 0.1 1.21737 -2.65465 47.9412
2 15.1 10 0.1 1.50535 -2.65465 45.0745
2 15.1 10 0.1 0.222529 -2.62323 25.5159
2 15.1 10 0.1 0.510509 -2.62323 27.8488
2 15.1 10 0.1 0.798488 -2.62323 37.1713
2 15.1 10 0.1 1.08647 -2.62323 51.7088
2 15.1 10 0.1 1.37445 -2.62323 46.6582
2 15.1 10 0.1 0.0916298 -2.59181 22.9489
2 15.1 10 0.1 0.379609 -2.59181 27.4071
2 15.1 10 0.1 0.667588 -2.59181 32.9049
2 15.1 10 0.1 0.955568 -2.59181 45.0759
2 15.1 10 0.1 1.24355 -2.59181 49.2327
2 15.1 10 0.1 1.53153 -2.59181 46.6559
2 15.1 10 0.1 0.248709 -2.5604 25.7798
2 15.1 10 0.1 0.536689 -2.5604 29.9068
2 15.1 10 0.1 0.824668 -2.5604 38.2173
2 15.1 10 0.1 1.11265 -2.5604 53.0274
2 15.1 10 0.1 1.40063 -2.5604 48.2558
2 15.1 10 0.1 0.11781 -2.52898 23.6624
2 15.1 10 0.1 0.405789 -2.52898 27.7333
2 15.1 10 0.1 0.693768 -2.52898 33.6162
2 15.1 10 0.1 0.981748 -2.52898 46.8322
2 15.1 10 0.1 1.26973 -2.52898 47.918
2 15.1 10 0.1 1.55771 -2.52898 45.7666
2 15.1 10 0.1 0.274889 -2.49757 26.0376
2 15.1 10 0.1 0.562869 -2.49757 30.3996
2 15.1 10 0.1 0.850848 -2.49757 39.3487
2 15.1 10 0.1 1.13883 -2.49757 48.2351
2 15.1 10 0.1 1.42681 -2.49757 44.2624
2 15.1 10 0.1 0.14399 -2.46615 24.143
2 15.1 10 0.1 0.431969 -2.46615 28.0776
2 15.1 10 0.1 0.719948 -2.46615 34.3794
2 15.1 10 0.1 1.00793 -2.46615 48.7632
2 15.1 10 0.1 1.29591 -2.46615 43.6841
2 15.1 10 0.1 0.0392699 -2.43473 17.3785
2 15.1 10 0.1 0.327249 -2.43473 26.6211
2 15.1 10 0.1 0.615229 -2.43473 31.5216
2 15.1 10 0.1 0.903208 -2.43473 41.9327
2 15.1 10 0.1 1.19119 -2.43473 43.5562
2 15.1 10 0.1 1.47917 -2.43473 40.6258
2 15.1 10 0.1 0.222529 -2.40332 25.2748
2 15.1 10 0.1 0.510509 -2.40332 29.3356
2 15.1 10 0.1 0.798488 -2.40332 37.0971
2 15.1 10 0.1 1.08647 -2.40332 44.0875
2 15.1 10 0.1 1.37445 -2.40332 39.7813
2 15.1 10 0.1 0.11781 -2.3719 23.2786
2 15.1 10 0.1 0.405789 -2.3719 27.619
2 15.1 10 0.1 0.693768 -2.3719 33.5457
2 15.1 10 0.1 0.981748 -2.3719 45.354
2 15.1 10 0.1 1.26973 -2.3719 39.4866
2 15.1 10 0.1 1.55771 -2.3719 37.7137
2 15.1 10 0.1 0.301069 -2.34049 26.1865
2 15.1 10 0.1 0.589049 -2.34049 30.8672
2 15.1 10 0.1 0.877028 -2.34049 40.5329
2 15.1 10 0.1 1.16501 -2.34049 39.7487
2 15.1 10 0.1 1.45299 -2.34049 36.7757
2 15.1 10 0.1 0.19635 -2.30907 24.7307
2 15.1 10 0.1 0.484329 -2.30907 28.7988
2 15.1 10 0.1 0.772308 -2.30907 36.0613
2 15.1 10 0.1 1.06029 -2.30907 40.6133
2 15.1 10 0.1 1.34827 -2.30907 36.3308
2 15.1 10 0.1 0.0916298 -2.27765 21.8862
2 15.1 10 0.1 0.379609 -2.27765 27.1447
2 15.1 10 0.1 0.667588 -2.27765 32.7478
2 15.1 10 0.1 0.955568 -2.27765 42.1749
2 15.1 10 0.1 1.24355 -2.27765 36.372
2 15.1 10 0.1 1.53153 -2.27765 34.4683
2 15.1 10 0.1 0.274889 -2.24624 25.697
2 15.1 10 0.1 0.562869 -2.24624 30.2263
2 15.1 10 0.1 0.850848 -2.24624 39.2257
2 15.1 10 0.1 1.13883 -2.24624 36.9235
2 15.1 10 0.1 1.42681 -2.24624 33.8824
2 15.1 10 0.1 0.17017 -2.21482 24.0133
2 15.1 10 0.1 0.458149 -2.21482 28.2537
2 15.1 10 0.1 0.746128 -2.21482 35.0766
2 15.1 10 0.1 1.03411 -2.21482 38.0457
2 15.1 10 0.1 1.32209 -2.21482 33.7347
2 15.1 10 0.1 0.0654498 -2.18341 19.2448
2 15.1 10 0.1 0.353429 -2.18341 26.6318
2 15.1 10 0.1 0.641408 -2.18341 31.9722
2 15.1 10 0.1 0.929388 -2.18341 39.8492
2 15.1 10 0.1 1.21737 -2.18341 34.0328
2 15.1 10 0.1 1.50535 -2.18341 31.9978
2 15.1 10 0.1 0.248709 -2.15199 25.107
2 15.1 10 0.1 0.536689 -2.15199 29.5829
2 15.1 10 0.1 0.824668 -2.15199 37.9917
2 15.1 10 0.1 1.11265 -2.15199 34.8134
2 15.1 10 0.1 1.40063 -2.15199 31.6808
2 15.1 10 0.1 0.14399 -2.12057 22.9748
2 15.1 10 0.1 0.431969 -2.12057 27.6772
2 15.1 10 0.1 0.719948 -2.12057 34.1252
2 15.1 10 0.1 1.00793 -2.12057 36.1496
2 15.1 10 0.1 1.29591 -2.12057 31.7654
2 15.1 10 0.1 0.0392699 -2.08916 12.6317
2 15.1 10 0.1 0.327249 -2.08916 26.0414
2 15.1 10 0.1 0.615229 -2.08916 31.1987
2 15.1 10 0.1 0.903208 -2.08916 38.1666
2 15.1 10 0.1 1.19119 -2.08916 32.2702
2 15.1 10 0.1 1.47917 -2.08916 30.0992
2 15.1 10 0.1 0.222529 -2.05774 24.3322
2 15.1 10 0.1 0.510509 -2.05774 28.9099
2 15.1 10 0.1 0.798488 -2.05774 36.8066
2 15.1 10 0.1 1.08647 -2.05774 33.2423
2 15.1 10 0.1 1.37445 -2.05774 29.9954
2 15.1 10 0.1 0.11781 -2.02632 21.2933
2 15.1 10 0.1 0.405789 -2.02632 27.0279
2 15.1 10 0.1 0.693768 -2.02632 33.1807
2 15.1 10 0.1 0.981748 -2.02632 34.7659
2 15.1 10 0.1 1.26973 -2.02632 30.2682
2 15.1 10 0.1 1.55771 -2.02632 28.9092
2 15.1 10 0.1 0.301069 -1.99491 25.2991
2 15.1 10 0.1 0.589049 -1.99491 30.3935
2 15.1 10 0.1 0.877028 -1.99491 36.9804
2 15.1 10 0.1 1.16501 -1.99491 30.9451
2 15.1 10 0.1 1.45299 -1.99491 28.6305
2 15.1 10 0.1 0.19635 -1.96349 23.1994
2 15.1 10 0.1 0.484329 -1.96349 28.1572
2 15.1 10 0.1 0.772308 -1.96349 35.6332
2 15.1 10 0.1 1.06029 -1.96349 32.0814
2 15.1 10 0.1 1.34827 -1.96349 28.6986
2 15.1 10 0.1 0.0916298 -1.93208 18.1522
2 15.1 10 0.1 0.379609 -1.93208 26.2227
2 15.1 10 0.1 0.667588 -1.93208 32.1959
2 15.1 10 0.1 0.955568 -1.93208 33.7714
2 15.1 10 0.1 1.24355 -1.93208 29.1247
2 15.1 10 0.1 1.53153 -1.93208 27.6004
2 15.1 10 0.1 0.274889 -1.90066 24.2445
2 15.1 10 0.1 0.562869 -1.90066 29.4875
2 15.1 10 0.1 0.850848 -1.90066 36.1673
2 15.1 10 0.1 1.13883 -1.90066 29.9425
2 15.1 10 0.1 1.42681 -1.90066 27.4764
2 15.1 10 0.1 0.17017 -1.86924 21.2977
2 15.1 10 0.1 0.458149 -1.86924 27.214
2 15.1 10 0.1 0.746128 -1.86924 34.3991
2 15.1 10 0.1 1.03411 -1.86924 31.2127
2 15.1 10 0.1 1.32209 -1.86924 27.676
2 15.1 10 0.1 0.0654498 -1.83783 10.9362
2 15.1 10 0.1 0.353429 -1.83783 25.0618
2 15.1 10 0.1 0.641408 -1.83783 31.064
2 15.1 10 0.1 0.929388 -1.83783 33.0351
2 15.1 10 0.1 1.21737 -1.83783 28.2133
2 15.1 10 0.1 1.50535 -1.83783 26.5263
2 15.1 10 0.1 0.274889 -1.80641 23.0764
2 15.1 10 0.1 0.562869 -1.80641 28.8933
2 15.1 10 0.1 0.850848 -1.80641 34.7386
2 15.1 10 0.1 1.13883 -1.80641 28.7596
2 15.1 10 0.1 1.42681 -1.80641 26.3909
2 15.1 10 0.1 0.19635 -1.775 20.0506
2 15.1 10 0.1 0.484329 -1.775 26.8379
2 15.1 10 0.1 0.772308 -1.775 34.7529
2 15.1 10 0.1 1.06029 -1.775 29.5193
2 15.1 10 0.1 1.34827 -1.775 26.4066
2 15.1 10 0.1 0.11781 -1.74358 13.3046
2 15.1 10 0.1 0.405789 -1.74358 24.6492
2 15.1 10 0.1 0.693768 -1.74358 31.7123
2 15.1 10 0.1 0.981748 -1.74358 30.4993
2 15.1 10 0.1 1.26973 -1.74358 26.5536
2 15.1 10 0.1 1.55771 -1.74358 25.3614
2 15.1 10 0.1 0.353429 -1.71217 22.5295
2 15.1 10 0.1 0.641408 -1.71217 29.5991
2 15.1 10 0.1 0.929388 -1.71217 31.0592
2 15.1 10 0.1 1.21737 -1.71217 26.5258
2 15.1 10 0.1 1.50535 -1.71217 24.9397
2 15.1 10 0.1 0.327249 -1.68075 20.1925
2 15.1 10 0.1 0.615229 -1.68075 27.9412
2 15.1 10 0.1 0.903208 -1.68075 30.8743
2 15.1 10 0.1 1.19119 -1.68075 26.1045
2 15.1 10 0.1 1.47917 -1.68075 24.3482
2 15.1 10 0.1 0.327249 -1.64933 17.1977
2 15.1 10 0.1 0.615229 -1.64933 26.2733
2 15.1 10 0.1 0.903208 -1.64933 29.5478
2 15.1 10 0.1 1.19119 -1.64933 24.9829
2 15.1 10 0.1 1.47917 -1.64933 23.3021
2 15.1 10 0.1 0.405789 -1.61792 14.3027
2 15.1 10 0.1 0.693768 -1.61792 25.3251
2 15.1 10 0.1 0.981748 -1.61792 25.1409
2 15.1 10 0.1 1.26973 -1.61792 21.8884
2 15.1 10 0.1 1.55771 -1.61792 20.9057
2 15.1 10 0.1 0.850848 -1.5865 12.8116
2 15.1 10 0.1 1.13883 -1.5865 10.6065
2 15.1 10 0.1 1.42681 -1.5865 9.73296
3 7.5 20.1 0.1 0.719948 -3.12589 4.55948
3 7.5 20.1 0.1 1.00793 -3.12589 3.55466
3 7.5 20.1 0.1 1.29591 -3.12589 3.12355
3 7.5 20.1 0.1 0.222529 -3.09447 1.40831
3 7.5 20.1 0.1 0.510509 -3.09447 18.5558
3 7.5 20.1 0.1 0.798488 -3.09447 19.9239
3 7.5 20.1 0.1 1.08647 -3.09447 16.1262
3 7.5 20.1 0.1 1.37445 -3.09447 14.5511
3 7.5 20.1 0.1 0.222529 -3.06306 11.5942
3 7.5 20.1 0.1 0.510509 -3.06306 23.1565
3 7.5 20.1 0.1 0.798488 -3.06306 23.1172
3 7.5 20.1 0.1 1.08647 -3.06306 18.7109
3 7.5 20.1 0.1 1.37445 -3.06306 16.8833
3 7.5 20.1 0.1 0.19635 -3.03164 14.3705
3 7.5 20.1 0.1 0.484329 -3.03164 24.4579
3 7.5 20.1 0.1 0.772308 -3.03164 25.195
3 7.5 20.1 0.1 1.06029 -3.03164 20.15
3 7.5 20.1 0.1 1.34827 -3.03164 18.0253
3 7.5 20.1 0.1 0.14399 -3.00022 13.4024
3 7.5 20.1 0.1 0.431969 -3.00022 24.3963
3 7.5 20.1 0.1 0.719948 -3.00022 27.5948
3 7.5 20.1 0.1 1.00793 -3.00022 21.5135
3 7.5 20.1 0.1 1.29591 -3.00022 18.9043
3 7.5 20.1 0.1 0.0654498 -2.96881 2.72463
3 7.5 20.1 0.1 0.353429 -2.96881 23.5102
3 7.5 20.1 0.1 0.641408 -2.96881 30.1664
3 7.5 20.1 0.1 0.929388 -2.96881 23.2562
3 7.5 20.1 0.1 1.21737 -2.96881 19.8617
3 7.5 20.1 0.1 1.50535 -2.96881 18.6741
3 7.5 20.1 0.1 0.274889 -2.93739 22.4441
3 7.5 20.1 0.1 0.562869 -2.93739 28.5717
3 7.5 20.1 0.1 0.850848 -2.93739 25.2579
3 7.5 20.1 0.1 1.13883 -2.93739 20.9107
3 7.5 20.1 0.1 1.42681 -2.93739 19.1885
3 7.5 20.1 0.1 0.19635 -2.90598 20.9303
3 7.5 20.1 0.1 0.484329 -2.90598 27.2065
3 7.5 20.1 0.1 0.772308 -2.90598 27.6653
3 7.5 20.1 0.1 1.06029 -2.90598 22.1257
3 7.5 20.1 0.1 1.34827 -2.90598 19.7926
3 7.5 20.1 0.1 0.0916298 -2.87456 15.3701
3 7.5 20.1 0.1 0.379609 -2.87456 25.5357
3 7.5 20.1 0.1 0.667588 -2.87456 31.6608
3 7.5 20.1 0.1 0.955568 -2.87456 24.002
3 7.5 20.1 0.1 1.24355 -2.87456 20.6996
3 7.5 20.1 0.1 1.53153 -2.87456 19.6162
3 7.5 20.1 0.1 0.274889 -2.84315 23.9382
3 7.5 20.1 0.1 0.562869 -2.84315 29.3317
3 7.5 20.1 0.1 0.850848 -2.84315 26.4591
3 7.5 20.1 0.1 1.13883 -2.84315 21.9052
3 7.5 20.1 0.1 1.42681 -2.84315 20.101
3 7.5 20.1 0.1 0.17017 -2.81173 21.7886
3 7.5 20.1 0.1 0.458149 -2.81173 27.4019
3 7.5 20.1 0.1 0.746128 -2.81173 29.7429
3 7.5 20.1 0.1 1.03411 -2.81173 23.4924
3 7.5 20.1 0.1 1.32209 -2.81173 20.8304
3 7.5 20.1 0.1 0.0654498 -2.78031 14.8285
3 7.5 20.1 0.1 0.353429 -2.78031 25.7973
3 7.5 20.1 0.1 0.641408 -2.78031 31.4894
3 7.5 20.1 0.1 0.929388 -2.78031 25.581
3 7.5 20.1 0.1 1.21737 -2.78031 21.8472
3 7.5 20.1 0.1 1.50535 -2.78031 20.5409
3 7.5 20.1 0.1 0.248709 -2.7489 24.2547
3 7.5 20.1 0.1 0.536689 -2.7489 29.1725
3 7.5 20.1 0.1 0.824668 -2.7489 28.3528
3 7.5 20.1 0.1 1.11265 -2.7489 23.2141
3 7.5 20.1 0.1 1.40063 -2.7489 21.1252
3 7.5 20.1 0.1 0.14399 -2.71748 22.0216
3 7.5 20.1 0.1 0.431969 -2.71748 27.3505
3 7.5 20.1 0.1 0.719948 -2.71748 32.0971
3 7.5 20.1 0.1 1.00793 -2.71748 25.0235
3 7.5 20.1 0.1 1.29591 -2.71748 21.9886
3 7.5 20.1 0.1 0.0392699 -2.68607 10.9124
3 7.5 20.1 0.1 0.327249 -2.68607 25.8314
3 7.5 20.1 0.1 0.615229 -2.68607 31.0818
3 7.5 20.1 0.1 0.903208 -2.68607 27.415
3 7.5 20.1 0.1 1.19119 -2.68607 23.1797
3 7.5 20.1 0.1 1.47917 -2.68607 21.6202
3 7.5 20.1 0.1 0.222529 -2.65465 24.3322
3 7.5 20.1 0.1 0.510509 -2.65465 28.9099
3 7.5 20.1 0.1 0.798488 -2.65465 30.6053
3 7.5 20.1 0.1 1.08647 -2.65465 24.7717
3 7.5 20.1 0.1 1.37445 -2.65465 22.3522
3 7.5 20.1 0.1 0.11781 -2.62323 21.8676
3 7.5 20.1 0.1 0.405789 -2.62323 27.1989
3 7.5 20.1 0.1 0.693768 -2.62323 33.2863
3 7.5 20.1 0.1 0.981748 -2.62323 26.8753
3 7.5 20.1 0.1 1.26973 -2.62323 23.3984
3 7.5 20.1 0.1 1.55771 -2.62323 22.3479
3 7.5 20.1 0.1 0.301069 -2.59182 25.7603
3 7.5 20.1 0.1 0.589049 -2.59182 30.6397
3 7.5 20.1 0.1 0.877028 -2.59182 29.6586
3 7.5 20.1 0.1 1.16501 -2.59182 24.8182
3 7.5 20.1 0.1 1.45299 -2.59182 22.9619
3 7.5 20.1 0.1 0.19635 -2.5604 24.2749
3 7.5 20.1 0.1 0.484329 -2.5604 28.6078
3 7.5 20.1 0.1 0.772308 -2.5604 33.3864
3 7.5 20.1 0.1 1.06029 -2.5604 26.7012
3 7.5 20.1 0.1 1.34827 -2.5604 23.8857
3 7.5 20.1 0.1 0.0916298 -2.52898 21.3088
3 7.5 20.1 0.1 0.379609 -2.52898 27.0021
3 7.5 20.1 0.1 0.667588 -2.52898 32.6625
3 7.5 20.1 0.1 0.955568 -2.52898 29.1826
3 7.5 20.1 0.1 1.24355 -2.52898 25.1674
3 7.5 20.1 0.1 1.53153 -2.52898 23.8501
3 7.5 20.1 0.1 0.274889 -2.49757 25.6324
3 7.5 20.1 0.1 0.562869 -2.49757 30.1935
3 7.5 20.1 0.1 0.850848 -2.49757 32.4699
3 7.5 20.1 0.1 1.13883 -2.49757 26.8814
3 7.5 20.1 0.1 1.42681 -2.49757 24.6675
3 7.5 20.1 0.1 0.17017 -2.46615 24.1168
3 7.5 20.1 0.1 0.458149 -2.46615 28.2934
3 7.5 20.1 0.1 0.746128 -2.46615 35.1024
3 7.5 20.1 0.1 1.03411 -2.46615 29.1397
3 7.5 20.1 0.1 1.32209 -2.46615 25.8379
3 7.5 20.1 0.1 0.0654498 -2.43473 20.0525
3 7.5 20.1 0.1 0.353429 -2.43473 26.7845
3 7.5 20.1 0.1 0.641408 -2.43473 32.0605
3 7.5 20.1 0.1 0.929388 -2.43473 32.1113
3 7.5 20.1 0.1 1.21737 -2.43473 27.4244
3 7.5 20.1 0.1 1.50535 -2.43473 25.7845
3 7.5 20.1 0.1 0.248709 -2.40332 25.4682
3 7.5 20.1 0.1 0.536689 -2.40332 29.7568
3 7.5 20.1 0.1 0.824668 -2.40332 36.0574
3 7.5 20.1 0.1 1.11265 -2.40332 29.5223
3 7.5 20.1 0.1 1.40063 -2.40332 26.8658
3 7.5 20.1 0.1 0.14399 -2.3719 23.8556
3 7.5 20.1 0.1 0.431969 -2.3719 27.9791
3 7.5 20.1 0.1 0.719948 -2.3719 34.3169
3 7.5 20.1 0.1 1.00793 -2.3719 32.2744
3 7.5 20.1 0.1 1.29591 -2.3719 28.3602
3 7.5 20.1 0.1 0.0392699 -2.34049 16.8559
3 7.5 20.1 0.1 0.327249 -2.34049 26.5573
3 7.5 20.1 0.1 0.615229 -2.34049 31.4861
3 7.5 20.1 0.1 0.903208 -2.34049 35.8971
3 7.5 20.1 0.1 1.19119 -2.34049 30.3513
3 7.5 20.1 0.1 1.47917 -2.34049 28.3094
3 7.5 20.1 0.1 0.222529 -2.30907 25.2748
3 7.5 20.1 0.1 0.510509 -2.30907 29.3356
3 7.5 20.1 0.1 0.798488 -2.30907 37.0971
3 7.5 20.1 0.1 1.08647 -2.30907 32.9644
3 7.5 20.1 0.1 1.37445 -2.30907 29.7446
3 7.5 20.1 0.1 0.11781 -2.27765 23.4531
3 7.5 20.1 0.1 0.405789 -2.27765 27.671
3 7.5 20.1 0.1 0.693768 -2.27765 33.5777
3 7.5 20.1 0.1 0.981748 -2.27765 36.3867
3 7.5 20.1 0.1 1.26973 -2.27765 31.6793
3 7.5 20.1 0.1 1.55771 -2.27765 30.257
3 7.5 20.1 0.1 0.274889 -2.24624 26.0075
3 7.5 20.1 0.1 0.562869 -2.24624 30.3843
3 7.5 20.1 0.1 0.850848 -2.24624 39.3378
3 7.5 20.1 0.1 1.13883 -2.24624 34.629
3 7.5 20.1 0.1 1.42681 -2.24624 31.7769
3 7.5 20.1 0.1 0.14399 -2.21482 24.1999
3 7.5 20.1 0.1 0.431969 -2.21482 28.0971
3 7.5 20.1 0.1 0.719948 -2.21482 34.3918
3 7.5 20.1 0.1 1.00793 -2.21482 38.7482
3 7.5 20.1 0.1 1.29591 -2.21482 34.0488
3 7.5 20.1 0.1 0.01309 -2.18341 1.49228
3 7.5 20.1 0.1 0.301069 -2.18341 26.3784
3 7.5 20.1 0.1 0.589049 -2.18341 30.9696
3 7.5 20.1 0.1 0.877028 -2.18341 40.6069
3 7.5 20.1 0.1 1.16501 -2.18341 37.2674
3 7.5 20.1 0.1 1.45299 -2.18341 34.48
3 7.5 20.1 0.1 0.17017 -2.15199 24.7473
3 7.5 20.1 0.1 0.458149 -2.15199 28.5348
3 7.5 20.1 0.1 0.746128 -2.15199 35.2597
3 7.5 20.1 0.1 1.03411 -2.15199 41.754
3 7.5 20.1 0.1 1.32209 -2.15199 37.0228
3 7.5 20.1 0.1 0.0392699 -2.12058 18.3388
3 7.5 20.1 0.1 0.327249 -2.12058 26.7384
3 7.5 20.1 0.1 0.615229 -2.12058 31.587
3 7.5 20.1 0.1 0.903208 -2.12058 41.9807
3 7.5 20.1 0.1 1.19119 -2.12058 40.6193
3 7.5 20.1 0.1 1.47917 -2.12058 37.8865
3 7.5 20.1 0.1 0.19635 -2.08916 25.1852
3 7.5 20.1 0.1 0.484329 -2.08916 28.9893
3 7.5 20.1 0.1 0.772308 -2.08916 36.1884
3 7.5 20.1 0.1 1.06029 -2.08916 45.6269
3 7.5 20.1 0.1 1.34827 -2.08916 40.8157
3 7.5 20.1 0.1 0.0654498 -2.05774 21.7066
3 7.5 20.1 0.1 0.353429 -2.05774 27.097
3 7.5 20.1 0.1 0.641408 -2.05774 32.2413
3 7.5 20.1 0.1 0.929388 -2.05774 43.4732
3 7.5 20.1 0.1 1.21737 -2.05774 44.9529
3 7.5 20.1 0.1 1.50535 -2.05774 42.265
3 7.5 20.1 0.1 0.222529 -2.02633 25.5612
3 7.5 20.1 0.1 0.510509 -2.02633 29.465
3 7.5 20.1 0.1 0.798488 -2.02633 37.1853
3 7.5 20.1 0.1 1.08647 -2.02633 50.7144
3 7.5 20.1 0.1 1.37445 -2.02633 45.7609
3 7.5 20.1 0.1 0.0916298 -1.99491 23.1679
3 7.5 20.1 0.1 0.379609 -1.99491 27.4612
3 7.5 20.1 0.1 0.667588 -1.99491 32.9372
3 7.5 20.1 0.1 0.955568 -1.99491 45.1005
3 7.5 20.1 0.1 1.24355 -1.99491 50.6969
3 7.5 20.1 0.1 1.53153 -1.99491 48.0435
3 7.5 20.1 0.1 0.248709 -1.9635 25.9026
3 7.5 20.1 0.1 0.536689 -1.9635 29.9659
3 7.5 20.1 0.1 0.824668 -1.9635 38.2584
3 7.5 20.1 0.1 1.11265 -1.9635 57.5879
3 7.5 20.1 0.1 1.40063 -1.9635 52.406
3 7.5 20.1 0.1 0.11781 -1.93208 24.0079
3 7.5 20.1 0.1 0.405789 -1.93208 27.8362
3 7.5 20.1 0.1 0.693768 -1.93208 33.6797
3 7.5 20.1 0.1 0.981748 -1.93208 46.881
3 7.5 20.1 0.1 1.26973 -1.93208 58.5791
3 7.5 20.1 0.1 1.55771 -1.93208 55.949
3 7.5 20.1 0.1 0.274889 -1.90066 26.2265
3 7.5 20.1 0.1 0.562869 -1.90066 30.4957
3 7.5 20.1 0.1 0.850848 -1.90066 39.4169
3 7.5 20.1 0.1 1.13883 -1.90066 61.6867
3 7.5 20.1 0.1 1.42681 -1.90066 56.6061
3 7.5 20.1 0.1 0.14399 -1.86925 24.5771
3 7.5 20.1 0.1 0.431969 -1.86925 28.2264
3 7.5 20.1 0.1 0.719948 -1.86925 34.4739
3 7.5 20.1 0.1 1.00793 -1.86925 48.8369
3 7.5 20.1 0.1 1.29591 -1.86925 57.6145
3 7.5 20.1 0.1 0.01309 -1.83783 5.24826
3 7.5 20.1 0.1 0.301069 -1.83783 26.5442
3 7.5 20.1 0.1 0.589049 -1.83783 31.0581
3 7.5 20.1 0.1 0.877028 -1.83783 40.6708
3 7.5 20.1 0.1 1.16501 -1.83783 59.8041
3 7.5 20.1 0.1 1.45299 -1.83783 55.331
3 7.5 20.1 0.1 0.17017 -1.80642 25.0102
3 7.5 20.1 0.1 0.458149 -1.80642 28.6355
3 7.5 20.1 0.1 0.746128 -1.80642 35.3253
3 7.5 20.1 0.1 1.03411 -1.80642 50.994
3 7.5 20.1 0.1 1.32209 -1.80642 56.2363
3 7.5 20.1 0.1 0.0392699 -1.775 19.3621
3 7.5 20.1 0.1 0.327249 -1.775 26.8634
3 7.5 20.1 0.1 0.615229 -1.775 31.6566
3 7.5 20.1 0.1 0.903208 -1.775 42.0318
3 7.5 20.1 0.1 1.19119 -1.775 58.273
3 7.5 20.1 0.1 1.47917 -1.775 54.3526
3 7.5 20.1 0.1 0.19635 -1.74358 25.3701
3 7.5 20.1 0.1 0.484329 -1.74358 29.0667
3 7.5 20.1 0.1 0.772308 -1.74358 36.2401
3 7.5 20.1 0.1 1.06029 -1.74358 53.3836
3 7.5 20.1 0.1 1.34827 -1.74358 55.1613
3 7.5 20.1 0.1 0.0654498 -1.71217 22.1987
3 7.5 20.1 0.1 0.353429 -1.71217 27.19
3 7.5 20.1 0.1 0.641408 -1.71217 32.2951
3 7.5 20.1 0.1 0.929388 -1.71217 43.5134
3 7.5 20.1 0.1 1.21737 -1.71217 57.0609
3 7.5 20.1 0.1 1.50535 -1.71217 53.6489
3 7.5 20.1 0.1 0.222529 -1.68075 25.6902
3 7.5 20.1 0.1 0.510509 -1.68075 29.5233
3 7.5 20.1 0.1 0.798488 -1.68075 37.225
3 7.5 20.1 0.1 1.08647 -1.68075 56.0436
3 7.5 20.1 0.1 1.37445 -1.68075 54.3667
3 7.5 20.1 0.1 0.0916298 -1.64934 23.4404
3 7.5 20.1 0.1 0.379609 -1.64934 27.5285
3 7.5 20.1 0.1 0.667588 -1.64934 32.9775
3 7.5 20.1 0.1 0.955568 -1.64934 45.131
3 7.5 20.1 0.1 1.24355 -1.64934 56.1434
3 7.5 20.1 0.1 1.53153 -1.64934 53.2049
3 7.5 20.1 0.1 0.248709 -1.61792 25.9901
3 7.5 20.1 0.1 0.536689 -1.61792 30.008
3 7.5 20.1 0.1 0.824668 -1.61792 38.2878
3 7.5 20.1 0.1 1.11265 -1.61792 59.0207
3 7.5 20.1 0.1 1.40063 -1.61792 53.8365
3 7.5 20.1 0.1 0.11781 -1.5865 24.1632
3 7.5 20.1 0.1 0.405789 -1.5865 27.8824
3 7.5 20.1 0.1 0.693768 -1.5865 33.7083
3 7.5 20.1 0.1 0.981748 -1.5865 46.903
3 7.5 20.1 0.1 1.26973 -1.5865 55.5031
3 7.5 20.1 0.1 1.55771 -1.5865 53.0111
3 7.5 20.1 0.1 0.274889 -1.55509 26.282
3 7.5 20.1 0.1 0.562869 -1.55509 30.5239
3 7.5 20.1 0.1 0.850848 -1.55509 39.4369
3 7.5 20.1 0.1 1.13883 -1.55509 58.368
3 7.5 20.1 0.1 1.42681 -1.55509 53.5608
3 7.5 20.1 0.1 0.14399 -1.52367 24.6605
3 7.5 20.1 0.1 0.431969 -1.52367 28.2549
3 7.5 20.1 0.1 0.719948 -1.52367 34.492
3 7.5 20.1 0.1 1.00793 -1.52367 48.851
3 7.5 20.1 0.1 1.29591 -1.52367 55.1287
3 7.5 20.1 0.1 0.01309 -1.49226 5.92956
3 7.5 20.1 0.1 0.301069 -1.49226 26.5742
3 7.5 20.1 0.1 0.589049 -1.49226 31.0741
3 7.5 20.1 0.1 0.877028 -1.49226 40.6824
3 7.5 20.1 0.1 1.16501 -1.49226 57.8629
3 7.5 20.1 0.1 1.45299 -1.49226 53.535
3 7.5 20.1 0.1 0.17017 -1.46084 25.0452
3 7.5 20.1 0.1 0.458149 -1.46084 28.6488
3 7.5 20.1 0.1 0.746128 -1.46084 35.334
3 7.5 20.1 0.1 1.03411 -1.46084 51.0009
3 7.5 20.1 0.1 1.32209 -1.46084 55.0148
3 7.5 20.1 0.1 0.0392699 -1.42942 19.4373
3 7.5 20.1 0.1 0.327249 -1.42942 26.8726
3 7.5 20.1 0.1 0.615229 -1.42942 31.6617
3 7.5 20.1 0.1 0.903208 -1.42942 42.0356
3 7.5 20.1 0.1 1.19119 -1.42942 57.6373
3 7.5 20.1 0.1 1.47917 -1.42942 53.7596
3 7.5 20.1 0.1 0.19635 -1.39801 25.3701
3 7.5 20.1 0.1 0.484329 -1.39801 29.0667
3 7.5 20.1 0.1 0.772308 -1.39801 36.2401
3 7.5 20.1 0.1 1.06029 -1.39801 42.6924
3 7.5 20.1 0.1 1.34827 -1.39801 55.1613
3 7.5 20.1 0.1 0.0654498 -1.36659 22.1535
3 7.5 20.1 0.1 0.353429 -1.36659 27.1815
3 7.5 20.1 0.1 0.641408 -1.36659 32.2901
3 7.5 20.1 0.1 0.929388 -1.36659 40.3191
3 7.5 20.1 0.1 1.21737 -1.36659 57.6903
3 7.5 20.1 0.1 1.50535 -1.36659 54.2407
3 7.5 20.1 0.1 0.222529 -1.33518 25.6634
3 7.5 20.1 0.1 0.510509 -1.33518 29.5112
3 7.5 20.1 0.1 0.798488 -1.33518 37.2168
3 7.5 20.1 0.1 1.08647 -1.33518 46.6985
3 7.5 20.1 0.1 1.37445 -1.33518 55.5738
3 7.5 20.1 0.1 0.0916298 -1.30376 23.343
3 7.5 20.1 0.1 0.379609 -1.30376 27.5044
3 7.5 20.1 0.1 0.667588 -1.30376 32.9631
3 7.5 20.1 0.1 0.955568 -1.30376 40.7053
3 7.5 20.1 0.1 1.24355 -1.30376 58.027
3 7.5 20.1 0.1 1.53153 -1.30376 54.9899
3 7.5 20.1 0.1 0.248709 -1.27235 25.9415
3 7.5 20.1 0.1 0.536689 -1.27235 29.9846
3 7.5 20.1 0.1 0.824668 -1.27235 38.2715
3 7.5 20.1 0.1 1.11265 -1.27235 50.9907
3 7.5 20.1 0.1 1.40063 -1.27235 56.264
3 7.5 20.1 0.1 0.11781 -1.24093 24.035
3 7.5 20.1 0.1 0.405789 -1.24093 27.8442
3 7.5 20.1 0.1 0.693768 -1.24093 33.6847
3 7.5 20.1 0.1 0.981748 -1.24093 41.2809
3 7.5 20.1 0.1 1.26973 -1.24093 58.6588
3 7.5 20.1 0.1 1.55771 -1.24093 56.0251
3 7.5 20.1 0.1 0.274889 -1.20951 26.2148
3 7.5 20.1 0.1 0.562869 -1.20951 30.4897
3 7.5 20.1 0.1 0.850848 -1.20951 39.4126
3 7.5 20.1 0.1 1.13883 -1.20951 55.4928
3 7.5 20.1 0.1 1.42681 -1.20951 56.5292
3 7.5 20.1 0.1 0.14399 -1.1781 24.5104
3 7.5 20.1 0.1 0.431969 -1.1781 28.2035
3 7.5 20.1 0.1 0.719948 -1.1781 34.4594
3 7.5 20.1 0.1 1.00793 -1.1781 42.0565
3 7.5 20.1 0.1 1.29591 -1.1781 53.6639
3 7.5 20.1 0.1 0.01309 -1.14668 4.02415
3 7.5 20.1 0.1 0.301069 -1.14668 26.4901
3 7.5 20.1 0.1 0.589049 -1.14668 31.0292
3 7.5 20.1 0.1 0.877028 -1.14668 40.65
3 7.5 20.1 0.1 1.16501 -1.14668 52.2496
3 7.5 20.1 0.1 1.45299 -1.14668 48.3416
3 7.5 20.1 0.1 0.17017 -1.11527 24.877
3 7.5 20.1 0.1 0.458149 -1.11527 28.5845
3 7.5 20.1 0.1 0.746128 -1.11527 35.2921
3 7.5 20.1 0.1 1.03411 -1.11527 47.254
3 7.5 20.1 0.1 1.32209 -1.11527 46.3064
3 7.5 20.1 0.1 0.0392699 -1.08385 18.6176
3 7.5 20.1 0.1 0.327249 -1.08385 26.7725
3 7.5 20.1 0.1 0.615229 -1.08385 31.6059
3 7.5 20.1 0.1 0.903208 -1.08385 41.9946
3 7.5 20.1 0.1 1.19119 -1.08385 45.407
3 7.5 20.1 0.1 1.47917 -1.08385 42.3521
3 7.5 20.1 0.1 0.19635 -1.05243 25.1852
3 7.5 20.1 0.1 0.484329 -1.05243 28.9893
3 7.5 20.1 0.1 0.772308 -1.05243 36.1884
3 7.5 20.1 0.1 1.06029 -1.05243 45.6269
3 7.5 20.1 0.1 1.34827 -1.05243 40.8157
3 7.5 20.1 0.1 0.0654498 -1.02102 21.5392
3 7.5 20.1 0.1 0.353429 -1.02102 27.0654
3 7.5 20.1 0.1 0.641408 -1.02102 32.223
3 7.5 20.1 0.1 0.929388 -1.02102 43.4595
3 7.5 20.1 0.1 1.21737 -1.02102 40.2131
3 7.5 20.1 0.1 1.50535 -1.02102 37.8085
3 7.5 20.1 0.1 0.222529 -0.989601 25.4616
3 7.5 20.1 0.1 0.510509 -0.989601 29.42
3 7.5 20.1 0.1 0.798488 -0.989601 37.1546
3 7.5 20.1 0.1 1.08647 -0.989601 40.547
3 7.5 20.1 0.1 1.37445 -0.989601 36.5866
3 7.5 20.1 0.1 0.0916298 -0.958185 22.8057
3 7.5 20.1 0.1 0.379609 -0.958185 27.3717
3 7.5 20.1 0.1 0.667588 -0.958185 32.8837
3 7.5 20.1 0.1 0.955568 -0.958185 41.9291
3 7.5 20.1 0.1 1.24355 -0.958185 36.16
3 7.5 20.1 0.1 1.53153 -0.958185 34.2674
3 7.5 20.1 0.1 0.248709 -0.926771 25.7216
3 7.5 20.1 0.1 0.536689 -0.926771 29.8788
3 7.5 20.1 0.1 0.824668 -0.926771 38.1978
3 7.5 20.1 0.1 1.11265 -0.926771 36.5386
3 7.5 20.1 0.1 1.40063 -0.926771 33.2507
3 7.5 20.1 0.1 0.11781 -0.895355 23.5292
3 7.5 20.1 0.1 0.405789 -0.895355 27.6936
3 7.5 20.1 0.1 0.693768 -0.895355 33.5917
3 7.5 20.1 0.1 0.981748 -0.895355 37.8223
3 7.5 20.1 0.1 1.26973 -0.895355 32.9293
3 7.5 20.1 0.1 1.55771 -0.895355 31.4508
3 7.5 20.1 0.1 0.301069 -0.863938 26.2954
3 7.5 20.1 0.1 0.589049 -0.863938 30.9253
3 7.5 20.1 0.1 0.877028 -0.863938 39.3506
3 7.5 20.1 0.1 1.16501 -0.863938 32.9285
3 7.5 20.1 0.1 1.45299 -0.863938 30.4656
3 7.5 20.1 0.1 0.19635 -0.832522 24.9125
3 7.5 20.1 0.1 0.484329 -0.832522 28.875
3 7.5 20.1 0.1 0.772308 -0.832522 36.1122
3 7.5 20.1 0.1 1.06029 -0.832522 33.4364
3 7.5 20.1 0.1 1.34827 -0.832522 29.9106
3 7.5 20.1 0.1 0.0916298 -0.801106 22.3126
3 7.5 20.1 0.1 0.379609 -0.801106 27.25
3 7.5 20.1 0.1 0.667588 -0.801106 32.8108
3 7.5 20.1 0.1 0.955568 -0.801106 34.5202
3 7.5 20.1 0.1 1.24355 -0.801106 29.7705
3 7.5 20.1 0.1 1.53153 -0.801106 28.2124
3 7.5 20.1 0.1 0.274889 -0.76969 25.8555
3 7.5 20.1 0.1 0.562869 -0.76969 30.307
3 7.5 20.1 0.1 0.850848 -0.76969 36.3048
3 7.5 20.1 0.1 1.13883 -0.76969 30.0563
3 7.5 20.1 0.1 1.42681 -0.76969 27.5808
3 7.5 20.1 0.1 0.17017 -0.738274 24.2944
3 7.5 20.1 0.1 0.458149 -0.738274 28.3614
3 7.5 20.1 0.1 0.746128 -0.738274 35.1467
3 7.5 20.1 0.1 1.03411 -0.738274 30.8094
3 7.5 20.1 0.1 1.32209 -0.738274 27.3183
3 7.5 20.1 0.1 0.0654498 -0.706858 20.0525
3 7.5 20.1 0.1 0.353429 -0.706858 26.7845
3 7.5 20.1 0.1 0.641408 -0.706858 32.0605
3 7.5 20.1 0.1 0.929388 -0.706858 32.1113
3 7.5 20.1 0.1 1.21737 -0.706858 27.4244
3 7.5 20.1 0.1 1.50535 -0.706858 25.7845
3 7.5 20.1 0.1 0.248709 -0.675443 25.346
3 7.5 20.1 0.1 0.536689 -0.675443 29.6979
3 7.5 20.1 0.1 0.824668 -0.675443 34.1034
3 7.5 20.1 0.1 1.11265 -0.675443 27.9224
3 7.5 20.1 0.1 1.40063 -0.675443 25.4099
3 7.5 20.1 0.1 0.14399 -0.644027 23.4335
3 7.5 20.1 0.1 0.431969 -0.644027 27.8344
3 7.5 20.1 0.1 0.719948 -0.644027 34.225
3 7.5 20.1 0.1 1.00793 -0.644027 28.8653
3 7.5 20.1 0.1 1.29591 -0.644027 25.3645
3 7.5 20.1 0.1 0.0392699 -0.61261 14.5164
3 7.5 20.1 0.1 0.327249 -0.61261 26.2716
3 7.5 20.1 0.1 0.615229 -0.61261 31.327
3 7.5 20.1 0.1 0.903208 -0.61261 30.3467
3 7.5 20.1 0.1 1.19119 -0.61261 25.6584
3 7.5 20.1 0.1 1.47917 -0.61261 23.9322
3 7.5 20.1 0.1 0.222529 -0.581194 24.7112
3 7.5 20.1 0.1 0.510509 -0.581194 29.0811
3 7.5 20.1 0.1 0.798488 -0.581194 32.5236
3 7.5 20.1 0.1 1.08647 -0.581194 26.3244
3 7.5 20.1 0.1 1.37445 -0.581194 23.7531
3 7.5 20.1 0.1 0.11781 -0.549776 22.1031
3 7.5 20.1 0.1 0.405789 -0.549776 27.269
3 7.5 20.1 0.1 0.693768 -0.549776 33.3296
3 7.5 20.1 0.1 0.981748 -0.549776 27.4247
3 7.5 20.1 0.1 1.26973 -0.549776 23.8768
3 7.5 20.1 0.1 1.55771 -0.549776 22.8047
3 7.5 20.1 0.1 0.301069 -0.518366 25.667
3 7.5 20.1 0.1 0.589049 -0.518366 30.5898
3 7.5 20.1 0.1 0.877028 -0.518366 29.0644
3 7.5 20.1 0.1 1.16501 -0.518366 24.321
3 7.5 20.1 0.1 1.45299 -0.518366 22.5019
3 7.5 20.1 0.1 0.19635 -0.486946 23.8461
3 7.5 20.1 0.1 0.484329 -0.486946 28.4282
3 7.5 20.1 0.1 0.772308 -0.486946 31.4173
3 7.5 20.1 0.1 1.06029 -0.486946 25.1264
3 7.5 20.1 0.1 1.34827 -0.486946 22.4769
3 7.5 20.1 0.1 0.0916298 -0.455526 19.7625
3 7.5 20.1 0.1 0.379609 -0.455526 26.6203
3 7.5 20.1 0.1 0.667588 -0.455526 32.4339
3 7.5 20.1 0.1 0.955568 -0.455526 26.3634
3 7.5 20.1 0.1 1.24355 -0.455526 22.7361
3 7.5 20.1 0.1 1.53153 -0.455526 21.5461
3 7.5 20.1 0.1 0.274889 -0.424116 24.886
3 7.5 20.1 0.1 0.562869 -0.424116 29.8138
3 7.5 20.1 0.1 0.850848 -0.424116 28.1484
3 7.5 20.1 0.1 1.13883 -0.424116 23.3037
3 7.5 20.1 0.1 1.42681 -0.424116 21.3844
3 7.5 20.1 0.1 0.17017 -0.392696 22.5304
3 7.5 20.1 0.1 0.458149 -0.392696 27.686
3 7.5 20.1 0.1 0.746128 -0.392696 30.6718
3 7.5 20.1 0.1 1.03411 -0.392696 24.2261
3 7.5 20.1 0.1 1.32209 -0.392696 21.481
3 7.5 20.1 0.1 0.0654498 -0.361286 14.8285
3 7.5 20.1 0.1 0.353429 -0.361286 25.7974
3 7.5 20.1 0.1 0.641408 -0.361286 31.4894
3 7.5 20.1 0.1 0.929388 -0.361286 25.581
3 7.5 20.1 0.1 1.21737 -0.361286 21.8472
3 7.5 20.1 0.1 1.50535 -0.361286 20.5409
3 7.5 20.1 0.1 0.248709 -0.329866 23.7443
3 7.5 20.1 0.1 0.536689 -0.329866 28.9268
3 7.5 20.1 0.1 0.824668 -0.329866 27.4941
3 7.5 20.1 0.1 1.11265 -0.329866 22.511
3 7.5 20.1 0.1 1.40063 -0.329866 20.4854
3 7.5 20.1 0.1 0.14399 -0.298446 20.2286
3 7.5 20.1 0.1 0.431969 -0.298446 26.7359
3 7.5 20.1 0.1 0.719948 -0.298446 30.1708
3 7.5 20.1 0.1 1.00793 -0.298446 23.5218
3 7.5 20.1 0.1 1.29591 -0.298446 20.669
3 7.5 20.1 0.1 0.0392699 -0.267036 0.675131
3 7.5 20.1 0.1 0.327249 -0.267036 24.581
3 7.5 20.1 0.1 0.615229 -0.267036 30.3854
3 7.5 20.1 0.1 0.903208 -0.267036 24.9594
3 7.5 20.1 0.1 1.19119 -0.267036 21.1034
3 7.5 20.1 0.1 1.47917 -0.267036 19.6836
3 7.5 20.1 0.1 0.248709 -0.235617 22.4562
3 7.5 20.1 0.1 0.536689 -0.235617 28.3067
3 7.5 20.1 0.1 0.824668 -0.235617 26.289
3 7.5 20.1 0.1 1.11265 -0.235617 21.5243
3 7.5 20.1 0.1 1.40063 -0.235617 19.5875
3 7.5 20.1 0.1 0.17017 -0.204206 18.903
3 7.5 20.1 0.1 0.458149 -0.204206 26.297
3 7.5 20.1 0.1 0.746128 -0.204206 27.9757
3 7.5 20.1 0.1 1.03411 -0.204206 22.0966
3 7.5 20.1 0.1 1.32209 -0.204206 19.5928
3 7.5 20.1 0.1 0.0916298 -0.172787 9.50066
3 7.5 20.1 0.1 0.379609 -0.172787 24.0863
3 7.5 20.1 0.1 0.667588 -0.172787 30.099
3 7.5 20.1 0.1 0.955568 -0.172787 22.818
3 7.5 20.1 0.1 1.24355 -0.172787 19.6784
3 7.5 20.1 0.1 1.53153 -0.172787 18.6485
3 7.5 20.1 0.1 0.327249 -0.141376 21.8543
3 7.5 20.1 0.1 0.615229 -0.141376 28.8668
3 7.5 20.1 0.1 0.903208 -0.141376 23.1684
3 7.5 20.1 0.1 1.19119 -0.141376 19.5891
3 7.5 20.1 0.1 1.47917 -0.141376 18.2712
3 7.5 20.1 0.1 0.301069 -0.109957 19.327
3 7.5 20.1 0.1 0.589049 -0.109957 27.2058
3 7.5 20.1 0.1 0.877028 -0.109957 22.8666
3 7.5 20.1 0.1 1.16501 -0.109957 19.1347
3 7.5 20.1 0.1 1.45299 -0.109957 17.7035
3 7.5 20.1 0.1 0.301069 -0.0785363 16.0808
3 7.5 20.1 0.1 0.589049 -0.0785363 25.4731
3 7.5 20.1 0.1 0.877028 -0.0785363 21.5375
3 7.5 20.1 0.1 1.16501 -0.0785363 18.0225
3 7.5 20.1 0.1 1.45299 -0.0785363 16.6745
3 7.5 20.1 0.1 0.379609 -0.0471266 13.0645
3 7.5 20.1 0.1 0.667588 -0.0471266 23.0523
3 7.5 20.1 0.1 0.955568 -0.0471266 17.4759
3 7.5 20.1 0.1 1.24355 -0.0471266 15.0714
3 7.5 20.1 0.1 1.53153 -0.0471266 14.2826
3 7.5 20.1 0.1 0.824668 -0.0157064 4.09418
3 7.5 20.1 0.1 1.11265 -0.0157064 3.35215
3 7.5 20.1 0.1 1.40063 -0.0157064 3.05051
4 -0.1 10 0.1 0.693768 -1.55509 7.73855
4 -0.1 10 0.1 0.981748 -1.55509 11.5845
4 -0.1 10 0.1 1.26973 -1.55509 10.0858
4 -0.1 10 0.1 1.55771 -1.55509 9.63301
4 -0.1 10 0.1 0.484329 -1.52367 17.5625
4 -0.1 10 0.1 0.772308 -1.52367 28.5637
4 -0.1 10 0.1 1.06029 -1.52367 23.9587
4 -0.1 10 0.1 1.34827 -1.52367 21.4324
4 -0.1 10 0.1 0.19635 -1.49226 9.4362
4 -0.1 10 0.1 0.484329 -1.49226 22.3905
4 -0.1 10 0.1 0.772308 -1.49226 31.7853
4 -0.1 10 0.1 1.06029 -1.49226 26.5954
4 -0.1 10 0.1 1.34827 -1.49226 23.791
4 -0.1 10 0.1 0.17017 -1.46084 12.3595
4 -0.1 10 0.1 0.458149 -1.46084 23.7916
4 -0.1 10 0.1 0.746128 -1.46084 32.1692
4 -0.1 10 0.1 1.03411 -1.46084 28.2126
4 -0.1 10 0.1 1.32209 -1.46084 25.0158
4 -0.1 10 0.1 0.11781 -1.42942 10.4168
4 -0.1 10 0.1 0.405789 -1.42942 23.7893
4 -0.1 10 0.1 0.693768 -1.42942 31.1815
4 -0.1 10 0.1 0.981748 -1.42942 29.9305
4 -0.1 10 0.1 1.26973 -1.42942 26.0584
4 -0.1 10 0.1 1.55771 -1.42942 24.8884
4 -0.1 10 0.1 0.327249 -1.39801 22.9102
4 -0.1 10 0.1 0.615229 -1.39801 29.4549
4 -0.1 10 0.1 0.903208 -1.39801 32.2917
4 -0.1 10 0.1 1.19119 -1.39801 27.3029
4 -0.1 10 0.1 1.47917 -1.39801 25.4661
4 -0.1 10 0.1 0.248709 -1.36659 21.759
4 -0.1 10 0.1 0.536689 -1.36659 27.971
4 -0.1 10 0.1 0.824668 -1.36659 35.0738
4 -0.1 10 0.1 1.11265 -1.36659 28.717
4 -0.1 10 0.1 1.40063 -1.36659 26.133
4 -0.1 10 0.1 0.17017 -1.33518 19.9164
4 -0.1 10 0.1 0.458149 -1.33518 26.6851
4 -0.1 10 0.1 0.746128 -1.33518 34.0545
4 -0.1 10 0.1 1.03411 -1.33518 30.3906
4 -0.1 10 0.1 1.32209 -1.33518 26.947
4 -0.1 10 0.1 0.0654498 -1.30376 10.9362
4 -0.1 10 0.1 0.353429 -1.30376 25.0618
4 -0.1 10 0.1 0.641408 -1.30376 31.064
4 -0.1 10 0.1 0.929388 -1.30376 33.0351
4 -0.1 10 0.1 1.21737 -1.30376 28.2133
4 -0.1 10 0.1 1.50535 -1.30376 26.5263
4 -0.1 10 0.1 0.248709 -1.27235 23.4066
4 -0.1 10 0.1 0.536689 -1.27235 28.7642
4 -0.1 10 0.1 0.824668 -1.27235 36.5295
4 -0.1 10 0.1 1.11265 -1.27235 29.9088
4 -0.1 10 0.1 1.40063 -1.27235 27.2176
4 -0.1 10 0.1 0.14399 -1.24093 20.8079
4 -0.1 10 0.1 0.431969 -1.24093 26.9345
4 -0.1 10 0.1 0.719948 -1.24093 33.6536
4 -0.1 10 0.1 1.00793 -1.24093 32.1522
4 -0.1 10 0.1 1.29591 -1.24093 28.2528
4 -0.1 10 0.1 0.0392699 -1.20951 7.15939
4 -0.1 10 0.1 0.327249 -1.20951 25.373
4 -0.1 10 0.1 0.615229 -1.20951 30.8265
4 -0.1 10 0.1 0.903208 -1.20951 35.1184
4 -0.1 10 0.1 1.19119 -1.20951 29.6929
4 -0.1 10 0.1 1.47917 -1.20951 27.6953
4 -0.1 10 0.1 0.222529 -1.1781 23.7606
4 -0.1 10 0.1 0.510509 -1.1781 28.6517
4 -0.1 10 0.1 0.798488 -1.1781 36.6305
4 -0.1 10 0.1 1.08647 -1.1781 31.6286
4 -0.1 10 0.1 1.37445 -1.1781 28.5393
4 -0.1 10 0.1 0.11781 -1.14668 20.9393
4 -0.1 10 0.1 0.405789 -1.14668 26.9225
4 -0.1 10 0.1 0.693768 -1.14668 33.1157
4 -0.1 10 0.1 0.981748 -1.14668 34.195
4 -0.1 10 0.1 1.26973 -1.14668 29.7712
4 -0.1 10 0.1 1.55771 -1.14668 28.4345
4 -0.1 10 0.1 0.301069 -1.11527 25.4394
4 -0.1 10 0.1 0.589049 -1.11527 30.4684
4 -0.1 10 0.1 0.877028 -1.11527 37.5978
4 -0.1 10 0.1 1.16501 -1.11527 31.4617
4 -0.1 10 0.1 1.45299 -1.11527 29.1085
4 -0.1 10 0.1 0.19635 -1.08385 23.8461
4 -0.1 10 0.1 0.484329 -1.08385 28.4282
4 -0.1 10 0.1 0.772308 -1.08385 35.814
4 -0.1 10 0.1 1.06029 -1.08385 33.7182
4 -0.1 10 0.1 1.34827 -1.08385 30.1627
4 -0.1 10 0.1 0.0916298 -1.05243 20.5002
4 -0.1 10 0.1 0.379609 -1.05243 26.8024
4 -0.1 10 0.1 0.667588 -1.05243 32.543
4 -0.1 10 0.1 0.955568 -1.05243 36.7026
4 -0.1 10 0.1 1.24355 -1.05243 31.6527
4 -0.1 10 0.1 1.53153 -1.05243 29.996
4 -0.1 10 0.1 0.274889 -1.02102 25.3899
4 -0.1 10 0.1 0.562869 -1.02102 30.0702
4 -0.1 10 0.1 0.850848 -1.02102 39.1149
4 -0.1 10 0.1 1.13883 -1.02102 33.6651
4 -0.1 10 0.1 1.42681 -1.02102 30.8925
4 -0.1 10 0.1 0.17017 -0.989602 23.7693
4 -0.1 10 0.1 0.458149 -0.989602 28.1603
4 -0.1 10 0.1 0.746128 -0.989602 35.0157
4 -0.1 10 0.1 1.03411 -0.989602 36.3311
4 -0.1 10 0.1 1.32209 -0.989602 32.2144
4 -0.1 10 0.1 0.0654498 -0.958186 19.2448
4 -0.1 10 0.1 0.353429 -0.958186 26.6318
4 -0.1 10 0.1 0.641408 -0.958186 31.9722
4 -0.1 10 0.1 0.929388 -0.958186 39.8492
4 -0.1 10 0.1 1.21737 -0.958186 34.0328
4 -0.1 10 0.1 1.50535 -0.958186 31.9978
4 -0.1 10 0.1 0.248709 -0.92677 25.2748
4 -0.1 10 0.1 0.536689 -0.92677 29.6637
4 -0.1 10 0.1 0.824668 -0.92677 38.048
4 -0.1 10 0.1 1.11265 -0.92677 36.4563
4 -0.1 10 0.1 1.40063 -0.92677 33.1759
4 -0.1 10 0.1 0.14399 -0.895354 23.5556
4 -0.1 10 0.1 0.431969 -0.895354 27.8763
4 -0.1 10 0.1 0.719948 -0.895354 34.2516
4 -0.1 10 0.1 1.00793 -0.895354 39.6484
4 -0.1 10 0.1 1.29591 -0.895354 34.8398
4 -0.1 10 0.1 0.0392699 -0.863938 15.8619
4 -0.1 10 0.1 0.327249 -0.863938 26.4359
4 -0.1 10 0.1 0.615229 -0.863938 31.4185
4 -0.1 10 0.1 0.903208 -0.863938 41.8569
4 -0.1 10 0.1 1.19119 -0.863938 37.0816
4 -0.1 10 0.1 1.47917 -0.863938 34.5869
4 -0.1 10 0.1 0.222529 -0.832522 25.1141
4 -0.1 10 0.1 0.510509 -0.832522 29.2631
4 -0.1 10 0.1 0.798488 -0.832522 37.0475
4 -0.1 10 0.1 1.08647 -0.832522 40.04
4 -0.1 10 0.1 1.37445 -0.832522 36.1291
4 -0.1 10 0.1 0.11781 -0.801106 23.1783
4 -0.1 10 0.1 0.405789 -0.801106 27.5892
4 -0.1 10 0.1 0.693768 -0.801106 33.5272
4 -0.1 10 0.1 0.981748 -0.801106 43.9232
4 -0.1 10 0.1 1.26973 -0.801106 38.2409
4 -0.1 10 0.1 1.55771 -0.801106 36.5239
4 -0.1 10 0.1 0.301069 -0.76969 26.2262
4 -0.1 10 0.1 0.589049 -0.76969 30.8884
4 -0.1 10 0.1 0.877028 -0.76969 40.5482
4 -0.1 10 0.1 1.16501 -0.76969 41.0436
4 -0.1 10 0.1 1.45299 -0.76969 37.9737
4 -0.1 10 0.1 0.19635 -0.738274 24.9125
4 -0.1 10 0.1 0.484329 -0.738274 28.875
4 -0.1 10 0.1 0.772308 -0.738274 36.1122
4 -0.1 10 0.1 1.06029 -0.738274 44.7187
4 -0.1 10 0.1 1.34827 -0.738274 40.0033
4 -0.1 10 0.1 0.0916298 -0.706858 22.5369
4 -0.1 10 0.1 0.379609 -0.706858 27.3054
4 -0.1 10 0.1 0.667588 -0.706858 32.844
4 -0.1 10 0.1 0.955568 -0.706858 45.0298
4 -0.1 10 0.1 1.24355 -0.706858 42.7227
4 -0.1 10 0.1 1.53153 -0.706858 40.4866
4 -0.1 10 0.1 0.248709 -0.675442 25.6884
4 -0.1 10 0.1 0.536689 -0.675442 29.8628
4 -0.1 10 0.1 0.824668 -0.675442 38.1866
4 -0.1 10 0.1 1.11265 -0.675442 46.8784
4 -0.1 10 0.1 1.40063 -0.675442 42.6602
4 -0.1 10 0.1 0.11781 -0.644026 23.5988
4 -0.1 10 0.1 0.405789 -0.644026 27.7143
4 -0.1 10 0.1 0.693768 -0.644026 33.6045
4 -0.1 10 0.1 0.981748 -0.644026 46.8232
4 -0.1 10 0.1 1.26973 -0.644026 45.8675
4 -0.1 10 0.1 1.55771 -0.644026 43.8081
4 -0.1 10 0.1 0.274889 -0.612611 26.0651
4 -0.1 10 0.1 0.562869 -0.612611 30.4136
4 -0.1 10 0.1 0.850848 -0.612611 39.3586
4 -0.1 10 0.1 1.13883 -0.612611 50.3914
4 -0.1 10 0.1 1.42681 -0.612611 46.2412
4 -0.1 10 0.1 0.14399 -0.581195 24.2998
4 -0.1 10 0.1 0.431969 -0.581195 28.1313
4 -0.1 10 0.1 0.719948 -0.581195 34.4135
4 -0.1 10 0.1 1.00793 -0.581195 48.7898
4 -0.1 10 0.1 1.29591 -0.581195 49.414
4 -0.1 10 0.1 0.01309 -0.549779 2.49325
4 -0.1 10 0.1 0.301069 -0.549779 26.4226
4 -0.1 10 0.1 0.589049 -0.549779 30.9931
4 -0.1 10 0.1 0.877028 -0.549779 40.6239
4 -0.1 10 0.1 1.16501 -0.549779 50.7405
4 -0.1 10 0.1 1.45299 -0.549779 46.9453
4 -0.1 10 0.1 0.17017 -0.518363 24.818
4 -0.1 10 0.1 0.458149 -0.518363 28.5619
4 -0.1 10 0.1 0.746128 -0.518363 35.2774
4 -0.1 10 0.1 1.03411 -0.518363 50.9561
4 -0.1 10 0.1 1.32209 -0.518363 47.2144
4 -0.1 10 0.1 0.0392699 -0.486947 18.6176
4 -0.1 10 0.1 0.327249 -0.486947 26.7725
4 -0.1 10 0.1 0.615229 -0.486947 31.6059
4 -0.1 10 0.1 0.903208 -0.486947 41.9946
4 -0.1 10 0.1 1.19119 -0.486947 48.4254
4 -0.1 10 0.1 1.47917 -0.486947 45.1675
4 -0.1 10 0.1 0.19635 -0.455531 25.2364
4 -0.1 10 0.1 0.484329 -0.455531 29.0107
4 -0.1 10 0.1 0.772308 -0.455531 36.2027
4 -0.1 10 0.1 1.06029 -0.455531 50.7322
4 -0.1 10 0.1 1.34827 -0.455531 45.3827
4 -0.1 10 0.1 0.0654498 -0.424115 21.8456
4 -0.1 10 0.1 0.353429 -0.424115 27.1233
4 -0.1 10 0.1 0.641408 -0.424115 32.2565
4 -0.1 10 0.1 0.929388 -0.424115 43.4846
4 -0.1 10 0.1 1.21737 -0.424115 46.4874
4 -0.1 10 0.1 1.50535 -0.424115 43.7076
4 -0.1 10 0.1 0.222529 -0.392699 25.5986
4 -0.1 10 0.1 0.510509 -0.392699 29.4819
4 -0.1 10 0.1 0.798488 -0.392699 37.1968
4 -0.1 10 0.1 1.08647 -0.392699 48.6166
4 -0.1 10 0.1 1.37445 -0.392699 43.868
4 -0.1 10 0.1 0.0916298 -0.361283 23.2495
4 -0.1 10 0.1 0.379609 -0.361283 27.4813
4 -0.1 10 0.1 0.667588 -0.361283 32.9493
4 -0.1 10 0.1 0.955568 -0.361283 45.1096
4 -0.1 10 0.1 1.24355 -0.361283 44.8747
4 -0.1 10 0.1 1.53153 -0.361283 42.526
4 -0.1 10 0.1 0.248709 -0.329867 25.9299
4 -0.1 10 0.1 0.536689 -0.329867 29.9791
4 -0.1 10 0.1 0.824668 -0.329867 38.2676
4 -0.1 10 0.1 1.11265 -0.329867 46.8464
4 -0.1 10 0.1 1.40063 -0.329867 42.631
4 -0.1 10 0.1 0.11781 -0.298451 24.0592
4 -0.1 10 0.1 0.405789 -0.298451 27.8515
4 -0.1 10 0.1 0.693768 -0.298451 33.6892
4 -0.1 10 0.1 0.981748 -0.298451 46.8883
4 -0.1 10 0.1 1.26973 -0.298451 43.5473
4 -0.1 10 0.1 1.55771 -0.298451 41.5921
4 -0.1 10 0.1 0.274889 -0.267035 26.2463
4 -0.1 10 0.1 0.562869 -0.267035 30.5058
4 -0.1 10 0.1 0.850848 -0.267035 39.424
4 -0.1 10 0.1 1.13883 -0.267035 45.379
4 -0.1 10 0.1 1.42681 -0.267035 41.6415
4 -0.1 10 0.1 0.14399 -0.235619 24.6101
4 -0.1 10 0.1 0.431969 -0.235619 28.2377
4 -0.1 10 0.1 0.719948 -0.235619 34.4811
4 -0.1 10 0.1 1.00793 -0.235619 48.3365
4 -0.1 10 0.1 1.29591 -0.235619 42.4742
4 -0.1 10 0.1 0.01309 -0.204204 5.5626
4 -0.1 10 0.1 0.301069 -0.204204 26.558
4 -0.1 10 0.1 0.589049 -0.204204 31.0655
4 -0.1 10 0.1 0.877028 -0.204204 40.6762
4 -0.1 10 0.1 1.16501 -0.204204 44.1813
4 -0.1 10 0.1 1.45299 -0.204204 40.8768
4 -0.1 10 0.1 0.17017 -0.172788 25.031
4 -0.1 10 0.1 0.458149 -0.172788 28.6434
4 -0.1 10 0.1 0.746128 -0.172788 35.3305
4 -0.1 10 0.1 1.03411 -0.172788 39.7014
4 -0.1 10 0.1 1.32209 -0.172788 41.6318
4 -0.1 10 0.1 0.0392699 -0.141372 19.4373
4 -0.1 10 0.1 0.327249 -0.141372 26.8726
4 -0.1 10 0.1 0.615229 -0.141372 31.6617
4 -0.1 10 0.1 0.903208 -0.141372 42.0356
4 -0.1 10 0.1 1.19119 -0.141372 43.228
4 -0.1 10 0.1 1.47917 -0.141372 40.3197
4 -0.1 10 0.1 0.19635 -0.109956 25.3824
4 -0.1 10 0.1 0.484329 -0.109956 29.0719
4 -0.1 10 0.1 0.772308 -0.109956 36.2435
4 -0.1 10 0.1 1.06029 -0.109956 36.7032
4 -0.1 10 0.1 1.34827 -0.109956 41.0025
4 -0.1 10 0.1 0.0654498 -0.0785398 22.227
4 -0.1 10 0.1 0.353429 -0.0785398 27.1954
4 -0.1 10 0.1 0.641408 -0.0785398 32.2982
4 -0.1 10 0.1 0.929388 -0.0785398 43.1464
4 -0.1 10 0.1 1.21737 -0.0785398 42.4998
4 -0.1 10 0.1 1.50535 -0.0785398 39.9585
4 -0.1 10 0.1 0.222529 -0.0471239 25.6962
4 -0.1 10 0.1 0.510509 -0.0471239 29.526
4 -0.1 10 0.1 0.798488 -0.0471239 37.2269
4 -0.1 10 0.1 1.08647 -0.0471239 36.6129
4 -0.1 10 0.1 1.37445 -0.0471239 40.5738
4 -0.1 10 0.1 0.0916298 -0.015708 23.449
4 -0.1 10 0.1 0.379609 -0.015708 27.5306
4 -0.1 10 0.1 0.667588 -0.015708 32.9788
4 -0.1 10 0.1 0.955568 -0.015708 42.9914
4 -0.1 10 0.1 1.24355 -0.015708 41.9829
4 -0.1 10 0.1 1.53153 -0.015708 39.7856
4 -0.1 10 0.1 0.248709 0.015708 25.9912
4 -0.1 10 0.1 0.536689 0.015708 30.0085
4 -0.1 10 0.1 0.824668 0.015708 38.2881
4 -0.1 10 0.1 1.11265 0.015708 37.9525
4 -0.1 10 0.1 1.40063 0.015708 40.3375
4 -0.1 10 0.1 0.11781 0.0471239 24.161
4 -0.1 10 0.1 0.405789 0.0471239 27.8818
4 -0.1 10 0.1 0.693768 0.0471239 33.7079
4 -0.1 10 0.1 0.981748 0.0471239 43.0403
4 -0.1 10 0.1 1.26973 0.0471239 41.6684
4 -0.1 10 0.1 1.55771 0.0471239 39.7976
4 -0.1 10 0.1 0.274889 0.0785398 26.2791
4 -0.1 10 0.1 0.562869 0.0785398 30.5225
4 -0.1 10 0.1 0.850848 0.0785398 39.4359
4 -0.1 10 0.1 1.13883 0.0785398 39.5207
4 -0.1 10 0.1 1.42681 0.0785398 40.2899
4 -0.1 10 0.1 0.14399 0.109956 24.6513
4 -0.1 10 0.1 0.431969 0.109956 28.2518
4 -0.1 10 0.1 0.719948 0.109956 34.49
4 -0.1 10 0.1 1.00793 0.109956 41.7284
4 -0.1 10 0.1 1.29591 0.109956 41.5516
4 -0.1 10 0.1 0.01309 0.141372 5.78815
4 -0.1 10 0.1 0.301069 0.141372 26.568
4 -0.1 10 0.1 0.589049 0.141372 31.0708
4 -0.1 10 0.1 0.877028 0.141372 40.68
4 -0.1 10 0.1 1.16501 0.141372 41.3522
4 -0.1 10 0.1 1.45299 0.141372 40.4308
4 -0.1 10 0.1 0.17017 0.172788 25.031
4 -0.1 10 0.1 0.458149 0.172788 28.6434
4 -0.1 10 0.1 0.746128 0.172788 35.3305
4 -0.1 10 0.1 1.03411 0.172788 39.7014
4 -0.1 10 0.1 1.32209 0.172788 41.6318
4 -0.1 10 0.1 0.0392699 0.204204 19.3621
4 -0.1 10 0.1 0.327249 0.204204 26.8634
4 -0.1 10 0.1 0.615229 0.204204 31.6566
4 -0.1 10 0.1 0.903208 0.204204 42.0318
4 -0.1 10 0.1 1.19119 0.204204 43.7048
4 -0.1 10 0.1 1.47917 0.204204 40.7644
4 -0.1 10 0.1 0.19635 0.235619 25.352
4 -0.1 10 0.1 0.484329 0.235619 29.0592
4 -0.1 10 0.1 0.772308 0.235619 36.2351
4 -0.1 10 0.1 1.06029 0.235619 46.8535
4 -0.1 10 0.1 1.34827 0.235619 41.913
4 -0.1 10 0.1 0.0654498 0.267035 22.0906
4 -0.1 10 0.1 0.353429 0.267035 27.1696
4 -0.1 10 0.1 0.641408 0.267035 32.2833
4 -0.1 10 0.1 0.929388 0.267035 43.5046
4 -0.1 10 0.1 1.21737 0.267035 43.9256
4 -0.1 10 0.1 1.50535 0.267035 41.299
4 -0.1 10 0.1 0.222529 0.298451 25.642
4 -0.1 10 0.1 0.510509 0.298451 29.5015
4 -0.1 10 0.1 0.798488 0.298451 37.2102
4 -0.1 10 0.1 1.08647 0.298451 46.9933
4 -0.1 10 0.1 1.37445 0.298451 42.4033
4 -0.1 10 0.1 0.0916298 0.329867 23.2844
4 -0.1 10 0.1 0.379609 0.329867 27.4899
4 -0.1 10 0.1 0.667588 0.329867 32.9545
4 -0.1 10 0.1 0.955568 0.329867 45.1135
4 -0.1 10 0.1 1.24355 0.329867 44.3699
4 -0.1 10 0.1 1.53153 0.329867 42.0477
4 -0.1 10 0.1 0.248709 0.361283 25.917
4 -0.1 10 0.1 0.536689 0.361283 29.9728
4 -0.1 10 0.1 0.824668 0.361283 38.2633
4 -0.1 10 0.1 1.11265 0.361283 47.3793
4 -0.1 10 0.1 1.40063 0.361283 43.116
4 -0.1 10 0.1 0.11781 0.392699 23.9778
4 -0.1 10 0.1 0.405789 0.392699 27.8272
4 -0.1 10 0.1 0.693768 0.392699 33.6742
4 -0.1 10 0.1 0.981748 0.392699 46.8768
4 -0.1 10 0.1 1.26973 0.392699 45.0515
4 -0.1 10 0.1 1.55771 0.392699 43.0288
4 -0.1 10 0.1 0.274889 0.424115 26.1872
4 -0.1 10 0.1 0.562869 0.424115 30.4757
4 -0.1 10 0.1 0.850848 0.424115 39.4027
4 -0.1 10 0.1 1.13883 0.424115 48.0255
4 -0.1 10 0.1 1.42681 0.424115 44.0701
4 -0.1 10 0.1 0.14399 0.455531 24.4528
4 -0.1 10 0.1 0.431969 0.455531 28.1838
4 -0.1 10 0.1 0.719948 0.455531 34.4468
4 -0.1 10 0.1 1.00793 0.455531 48.8158
4 -0.1 10 0.1 1.29591 0.455531 45.9904
4 -0.1 10 0.1 0.01309 0.486947 3.32949
4 -0.1 10 0.1 0.301069 0.486947 26.4595
4 -0.1 10 0.1 0.589049 0.486947 31.0128
4 -0.1 10 0.1 0.877028 0.486947 40.6381
4 -0.1 10 0.1 1.16501 0.486947 48.9534
4 -0.1 10 0.1 1.45299 0.486947 45.2919
4 -0.1 10 0.1 0.17017 0.518363 24.818
4 -0.1 10 0.1 0.458149 0.518363 28.5619
4 -0.1 10 0.1 0.746128 0.518363 35.2774
4 -0.1 10 0.1 1.03411 0.518363 50.9561
4 -0.1 10 0.1 1.32209 0.518363 47.2144
4 -0.1 10 0.1 0.0392699 0.549779 18.3388
4 -0.1 10 0.1 0.327249 0.549779 26.7384
4 -0.1 10 0.1 0.615229 0.549779 31.587
4 -0.1 10 0.1 0.903208 0.549779 41.9807
4 -0.1 10 0.1 1.19119 0.549779 50.1932
4 -0.1 10 0.1 1.47917 0.549779 46.8163
4 -0.1 10 0.1 0.19635 0.581195 25.1238
4 -0.1 10 0.1 0.484329 0.581195 28.9635
4 -0.1 10 0.1 0.772308 0.581195 36.1712
4 -0.1 10 0.1 1.06029 0.581195 53.3285
4 -0.1 10 0.1 1.34827 0.581195 48.7611
4 -0.1 10 0.1 0.0654498 0.612611 21.3389
4 -0.1 10 0.1 0.353429 0.612611 27.0276
4 -0.1 10 0.1 0.641408 0.612611 32.2011
4 -0.1 10 0.1 0.929388 0.612611 43.4432
4 -0.1 10 0.1 1.21737 0.612611 48.7775
4 -0.1 10 0.1 1.50535 0.612611 45.8608
4 -0.1 10 0.1 0.222529 0.644026 25.3967
4 -0.1 10 0.1 0.510509 0.644026 29.3907
4 -0.1 10 0.1 0.798488 0.644026 37.1346
4 -0.1 10 0.1 1.08647 0.644026 49.4972
4 -0.1 10 0.1 1.37445 0.644026 44.6626
4 -0.1 10 0.1 0.0916298 0.675442 22.6346
4 -0.1 10 0.1 0.379609 0.675442 27.3295
4 -0.1 10 0.1 0.667588 0.675442 32.8584
4 -0.1 10 0.1 0.955568 0.675442 45.0407
4 -0.1 10 0.1 1.24355 0.675442 44.4003
4 -0.1 10 0.1 1.53153 0.675442 42.0764
4 -0.1 10 0.1 0.274889 0.706858 25.9745
4 -0.1 10 0.1 0.562869 0.706858 30.3675
4 -0.1 10 0.1 0.850848 0.706858 39.3259
4 -0.1 10 0.1 1.13883 0.706858 44.5474
4 -0.1 10 0.1 1.42681 0.706858 40.8784
4 -0.1 10 0.1 0.17017 0.738274 24.5038
4 -0.1 10 0.1 0.458149 0.738274 28.4416
4 -0.1 10 0.1 0.746128 0.738274 35.199
4 -0.1 10 0.1 1.03411 0.738274 45.3998
4 -0.1 10 0.1 1.32209 0.738274 40.2555
4 -0.1 10 0.1 0.0654498 0.76969 20.6491
4 -0.1 10 0.1 0.353429 0.76969 26.8972
4 -0.1 10 0.1 0.641408 0.76969 32.1257
4 -0.1 10 0.1 0.929388 0.76969 43.3869
4 -0.1 10 0.1 1.21737 0.76969 40.1949
4 -0.1 10 0.1 1.50535 0.76969 37.7914
4 -0.1 10 0.1 0.248709 0.801106 25.5209
4 -0.1 10 0.1 0.536689 0.801106 29.7821
4 -0.1 10 0.1 0.824668 0.801106 38.1305
4 -0.1 10 0.1 1.11265 0.801106 40.7202
4 -0.1 10 0.1 1.40063 0.801106 37.056
4 -0.1 10 0.1 0.14399 0.832522 23.7653
4 -0.1 10 0.1 0.431969 0.832522 27.9481
4 -0.1 10 0.1 0.719948 0.832522 34.2972
4 -0.1 10 0.1 1.00793 0.832522 41.8987
4 -0.1 10 0.1 1.29591 0.832522 36.8172
4 -0.1 10 0.1 0.0392699 0.863938 15.8619
4 -0.1 10 0.1 0.327249 0.863938 26.4359
4 -0.1 10 0.1 0.615229 0.863938 31.4185
4 -0.1 10 0.1 0.903208 0.863938 41.8569
4 -0.1 10 0.1 1.19119 0.863938 37.0816
4 -0.1 10 0.1 1.47917 0.863938 34.5869
4 -0.1 10 0.1 0.222529 0.895354 24.9778
4 -0.1 10 0.1 0.510509 0.895354 29.2015
4 -0.1 10 0.1 0.798488 0.895354 37.0055
4 -0.1 10 0.1 1.08647 0.895354 37.8896
4 -0.1 10 0.1 1.37445 0.895354 34.1887
4 -0.1 10 0.1 0.11781 0.92677 22.6631
4 -0.1 10 0.1 0.405789 0.92677 27.4357
4 -0.1 10 0.1 0.693768 0.92677 33.4325
4 -0.1 10 0.1 0.981748 0.92677 39.324
4 -0.1 10 0.1 1.26973 0.92677 34.2367
4 -0.1 10 0.1 1.55771 0.92677 32.6995
4 -0.1 10 0.1 0.301069 0.958186 25.9165
4 -0.1 10 0.1 0.589049 0.958186 30.723
4 -0.1 10 0.1 0.877028 0.958186 40.4287
4 -0.1 10 0.1 1.16501 0.958186 34.7514
4 -0.1 10 0.1 1.45299 0.958186 32.1522
4 -0.1 10 0.1 0.19635 0.989602 24.2749
4 -0.1 10 0.1 0.484329 0.989602 28.6078
4 -0.1 10 0.1 0.772308 0.989602 35.9339
4 -0.1 10 0.1 1.06029 0.989602 35.7861
4 -0.1 10 0.1 1.34827 0.989602 32.0126
4 -0.1 10 0.1 0.0916298 1.02102 20.8027
4 -0.1 10 0.1 0.379609 1.02102 26.8771
4 -0.1 10 0.1 0.667588 1.02102 32.5877
4 -0.1 10 0.1 0.955568 1.02102 37.4372
4 -0.1 10 0.1 1.24355 1.02102 32.2862
4 -0.1 10 0.1 1.53153 1.02102 30.5963
4 -0.1 10 0.1 0.274889 1.05243 25.288
4 -0.1 10 0.1 0.562869 1.05243 30.0183
4 -0.1 10 0.1 0.850848 1.05243 39.078
4 -0.1 10 0.1 1.13883 1.05243 33.0046
4 -0.1 10 0.1 1.42681 1.05243 30.2863
4 -0.1 10 0.1 0.17017 1.08385 23.2754
4 -0.1 10 0.1 0.458149 1.08385 27.9712
4 -0.1 10 0.1 0.746128 1.08385 34.8925
4 -0.1 10 0.1 1.03411 1.08385 34.2318
4 -0.1 10 0.1 1.32209 1.08385 30.3529
4 -0.1 10 0.1 0.0654498 1.11527 17.0814
4 -0.1 10 0.1 0.353429 1.11527 26.2231
4 -0.1 10 0.1 0.641408 1.11527 31.7357
4 -0.1 10 0.1 0.929388 1.11527 36.0769
4 -0.1 10 0.1 1.21737 1.11527 30.8112
4 -0.1 10 0.1 1.50535 1.11527 28.9688
4 -0.1 10 0.1 0.248709 1.14668 24.4517
4 -0.1 10 0.1 0.536689 1.14668 29.2674
4 -0.1 10 0.1 0.824668 1.14668 37.7721
4 -0.1 10 0.1 1.11265 1.14668 31.7014
4 -0.1 10 0.1 1.40063 1.14668 28.8488
4 -0.1 10 0.1 0.14399 1.1781 21.6835
4 -0.1 10 0.1 0.431969 1.1781 27.2346
4 -0.1 10 0.1 0.719948 1.1781 33.8442
4 -0.1 10 0.1 1.00793 1.1781 33.0968
4 -0.1 10 0.1 1.29591 1.1781 29.0828
4 -0.1 10 0.1 0.0392699 1.20951 7.15939
4 -0.1 10 0.1 0.327249 1.20951 25.373
4 -0.1 10 0.1 0.615229 1.20951 30.8265
4 -0.1 10 0.1 0.903208 1.20951 35.1184
4 -0.1 10 0.1 1.19119 1.20951 29.6929
4 -0.1 10 0.1 1.47917 1.20951 27.6953
4 -0.1 10 0.1 0.222529 1.24093 23.1913
4 -0.1 10 0.1 0.510509 1.24093 28.3946
4 -0.1 10 0.1 0.798488 1.24093 36.4551
4 -0.1 10 0.1 1.08647 1.24093 30.7259
4 -0.1 10 0.1 1.37445 1.24093 27.7248
4 -0.1 10 0.1 0.11781 1.27235 18.7505
4 -0.1 10 0.1 0.405789 1.27235 26.2707
4 -0.1 10 0.1 0.693768 1.27235 32.7133
4 -0.1 10 0.1 0.981748 1.27235 32.2615
4 -0.1 10 0.1 1.26973 1.27235 28.0878
4 -0.1 10 0.1 1.55771 1.27235 26.8267
4 -0.1 10 0.1 0.301069 1.30376 24.084
4 -0.1 10 0.1 0.589049 1.30376 29.7449
4 -0.1 10 0.1 0.877028 1.30376 34.4277
4 -0.1 10 0.1 1.16501 1.30376 28.809
4 -0.1 10 0.1 1.45299 1.30376 26.6542
4 -0.1 10 0.1 0.222529 1.33518 21.7547
4 -0.1 10 0.1 0.510509 1.33518 27.7457
4 -0.1 10 0.1 0.798488 1.33518 36.0125
4 -0.1 10 0.1 1.08647 1.33518 29.5121
4 -0.1 10 0.1 1.37445 1.33518 26.6295
4 -0.1 10 0.1 0.14399 1.36659 17.4023
4 -0.1 10 0.1 0.431969 1.36659 25.7673
4 -0.1 10 0.1 0.719948 1.36659 32.9125
4 -0.1 10 0.1 1.00793 1.36659 30.4536
4 -0.1 10 0.1 1.29591 1.36659 26.7602
4 -0.1 10 0.1 0.0654498 1.39801 2.72464
4 -0.1 10 0.1 0.353429 1.39801 23.5102
4 -0.1 10 0.1 0.641408 1.39801 30.1664
4 -0.1 10 0.1 0.929388 1.39801 31.6494
4 -0.1 10 0.1 1.21737 1.39801 27.0299
4 -0.1 10 0.1 1.50535 1.39801 25.4136
4 -0.1 10 0.1 0.301069 1.42942 21.1284
4 -0.1 10 0.1 0.589049 1.42942 28.1673
4 -0.1 10 0.1 0.877028 1.42942 32.3685
4 -0.1 10 0.1 1.16501 1.42942 27.0859
4 -0.1 10 0.1 1.45299 1.42942 25.06
4 -0.1 10 0.1 0.274889 1.46084 18.3617
4 -0.1 10 0.1 0.562869 1.46084 26.495
4 -0.1 10 0.1 0.850848 1.46084 32.249
4 -0.1 10 0.1 1.13883 1.46084 26.6985
4 -0.1 10 0.1 1.42681 1.46084 24.4996
4 -0.1 10 0.1 0.274889 1.49226 14.8153
4 -0.1 10 0.1 0.562869 1.49226 24.691
4 -0.1 10 0.1 0.850848 1.49226 30.8635
4 -0.1 10 0.1 1.13883 1.49226 25.5515
4 -0.1 10 0.1 1.42681 1.49226 23.447
4 -0.1 10 0.1 0.353429 1.52367 11.7101
4 -0.1 10 0.1 0.641408 1.52367 23.3403
4 -0.1 10 0.1 0.929388 1.52367 26.089
4 -0.1 10 0.1 1.21737 1.52367 22.2811
4 -0.1 10 0.1 1.50535 1.52367 20.9488
4 -0.1 10 0.1 0.798488 1.55509 13.4471
4 -0.1 10 0.1 1.08647 1.55509 10.884
